10000
4 9999 9998 9997 9996
4 9995 9994 9993 9992
4 9991 9990 9989 9988
4 9987 9986 9985 9984
4 9983 9982 9981 9980
4 9979 9978 9977 9976
4 9975 9974 9973 9972
4 9971 9970 9969 9968
4 9967 9966 9965 9964
4 9963 9962 9961 9960
4 9959 9958 9957 9956
4 9955 9954 9953 9952
4 9951 9950 9949 9948
4 9947 9946 9945 9944
4 9943 9942 9941 9940
4 9939 9938 9937 9936
4 9935 9934 9933 9932
4 9931 9930 9929 9928
4 9927 9926 9925 9924
4 9923 9922 9921 9920
4 9919 9918 9917 9916
4 9915 9914 9913 9912
4 9911 9910 9909 9908
4 9907 9906 9905 9904
4 9903 9902 9901 9900
4 9899 9898 9897 9896
4 9895 9894 9893 9892
4 9891 9890 9889 9888
4 9887 9886 9885 9884
4 9883 9882 9881 9880
4 9879 9878 9877 9876
4 9875 9874 9873 9872
4 9871 9870 9869 9868
4 9867 9866 9865 9864
4 9863 9862 9861 9860
4 9859 9858 9857 9856
4 9855 9854 9853 9852
4 9851 9850 9849 9848
4 9847 9846 9845 9844
4 9843 9842 9841 9840
4 9839 9838 9837 9836
4 9835 9834 9833 9832
4 9831 9830 9829 9828
4 9827 9826 9825 9824
4 9823 9822 9821 9820
4 9819 9818 9817 9816
4 9815 9814 9813 9812
4 9811 9810 9809 9808
4 9807 9806 9805 9804
4 9803 9802 9801 9800
4 9799 9798 9797 9796
4 9795 9794 9793 9792
4 9791 9790 9789 9788
4 9787 9786 9785 9784
4 9783 9782 9781 9780
4 9779 9778 9777 9776
4 9775 9774 9773 9772
4 9771 9770 9769 9768
4 9767 9766 9765 9764
4 9763 9762 9761 9760
4 9759 9758 9757 9756
4 9755 9754 9753 9752
4 9751 9750 9749 9748
4 9747 9746 9745 9744
4 9743 9742 9741 9740
4 9739 9738 9737 9736
4 9735 9734 9733 9732
4 9731 9730 9729 9728
4 9727 9726 9725 9724
4 9723 9722 9721 9720
4 9719 9718 9717 9716
4 9715 9714 9713 9712
4 9711 9710 9709 9708
4 9707 9706 9705 9704
4 9703 9702 9701 9700
4 9699 9698 9697 9696
4 9695 9694 9693 9692
4 9691 9690 9689 9688
4 9687 9686 9685 9684
4 9683 9682 9681 9680
4 9679 9678 9677 9676
4 9675 9674 9673 9672
4 9671 9670 9669 9668
4 9667 9666 9665 9664
4 9663 9662 9661 9660
4 9659 9658 9657 9656
4 9655 9654 9653 9652
4 9651 9650 9649 9648
4 9647 9646 9645 9644
4 9643 9642 9641 9640
4 9639 9638 9637 9636
4 9635 9634 9633 9632
4 9631 9630 9629 9628
4 9627 9626 9625 9624
4 9623 9622 9621 9620
4 9619 9618 9617 9616
4 9615 9614 9613 9612
4 9611 9610 9609 9608
4 9607 9606 9605 9604
4 9603 9602 9601 9600
4 9599 9598 9597 9596
4 9595 9594 9593 9592
4 9591 9590 9589 9588
4 9587 9586 9585 9584
4 9583 9582 9581 9580
4 9579 9578 9577 9576
4 9575 9574 9573 9572
4 9571 9570 9569 9568
4 9567 9566 9565 9564
4 9563 9562 9561 9560
4 9559 9558 9557 9556
4 9555 9554 9553 9552
4 9551 9550 9549 9548
4 9547 9546 9545 9544
4 9543 9542 9541 9540
4 9539 9538 9537 9536
4 9535 9534 9533 9532
4 9531 9530 9529 9528
4 9527 9526 9525 9524
4 9523 9522 9521 9520
4 9519 9518 9517 9516
4 9515 9514 9513 9512
4 9511 9510 9509 9508
4 9507 9506 9505 9504
4 9503 9502 9501 9500
4 9499 9498 9497 9496
4 9495 9494 9493 9492
4 9491 9490 9489 9488
4 9487 9486 9485 9484
4 9483 9482 9481 9480
4 9479 9478 9477 9476
4 9475 9474 9473 9472
4 9471 9470 9469 9468
4 9467 9466 9465 9464
4 9463 9462 9461 9460
4 9459 9458 9457 9456
4 9455 9454 9453 9452
4 9451 9450 9449 9448
4 9447 9446 9445 9444
4 9443 9442 9441 9440
4 9439 9438 9437 9436
4 9435 9434 9433 9432
4 9431 9430 9429 9428
4 9427 9426 9425 9424
4 9423 9422 9421 9420
4 9419 9418 9417 9416
4 9415 9414 9413 9412
4 9411 9410 9409 9408
4 9407 9406 9405 9404
4 9403 9402 9401 9400
4 9399 9398 9397 9396
4 9395 9394 9393 9392
4 9391 9390 9389 9388
4 9387 9386 9385 9384
4 9383 9382 9381 9380
4 9379 9378 9377 9376
4 9375 9374 9373 9372
4 9371 9370 9369 9368
4 9367 9366 9365 9364
4 9363 9362 9361 9360
4 9359 9358 9357 9356
4 9355 9354 9353 9352
4 9351 9350 9349 9348
4 9347 9346 9345 9344
4 9343 9342 9341 9340
4 9339 9338 9337 9336
4 9335 9334 9333 9332
4 9331 9330 9329 9328
4 9327 9326 9325 9324
4 9323 9322 9321 9320
4 9319 9318 9317 9316
4 9315 9314 9313 9312
4 9311 9310 9309 9308
4 9307 9306 9305 9304
4 9303 9302 9301 9300
4 9299 9298 9297 9296
4 9295 9294 9293 9292
4 9291 9290 9289 9288
4 9287 9286 9285 9284
4 9283 9282 9281 9280
4 9279 9278 9277 9276
4 9275 9274 9273 9272
4 9271 9270 9269 9268
4 9267 9266 9265 9264
4 9263 9262 9261 9260
4 9259 9258 9257 9256
4 9255 9254 9253 9252
4 9251 9250 9249 9248
4 9247 9246 9245 9244
4 9243 9242 9241 9240
4 9239 9238 9237 9236
4 9235 9234 9233 9232
4 9231 9230 9229 9228
4 9227 9226 9225 9224
4 9223 9222 9221 9220
4 9219 9218 9217 9216
4 9215 9214 9213 9212
4 9211 9210 9209 9208
4 9207 9206 9205 9204
4 9203 9202 9201 9200
4 9199 9198 9197 9196
4 9195 9194 9193 9192
4 9191 9190 9189 9188
4 9187 9186 9185 9184
4 9183 9182 9181 9180
4 9179 9178 9177 9176
4 9175 9174 9173 9172
4 9171 9170 9169 9168
4 9167 9166 9165 9164
4 9163 9162 9161 9160
4 9159 9158 9157 9156
4 9155 9154 9153 9152
4 9151 9150 9149 9148
4 9147 9146 9145 9144
4 9143 9142 9141 9140
4 9139 9138 9137 9136
4 9135 9134 9133 9132
4 9131 9130 9129 9128
4 9127 9126 9125 9124
4 9123 9122 9121 9120
4 9119 9118 9117 9116
4 9115 9114 9113 9112
4 9111 9110 9109 9108
4 9107 9106 9105 9104
4 9103 9102 9101 9100
4 9099 9098 9097 9096
4 9095 9094 9093 9092
4 9091 9090 9089 9088
4 9087 9086 9085 9084
4 9083 9082 9081 9080
4 9079 9078 9077 9076
4 9075 9074 9073 9072
4 9071 9070 9069 9068
4 9067 9066 9065 9064
4 9063 9062 9061 9060
4 9059 9058 9057 9056
4 9055 9054 9053 9052
4 9051 9050 9049 9048
4 9047 9046 9045 9044
4 9043 9042 9041 9040
4 9039 9038 9037 9036
4 9035 9034 9033 9032
4 9031 9030 9029 9028
4 9027 9026 9025 9024
4 9023 9022 9021 9020
4 9019 9018 9017 9016
4 9015 9014 9013 9012
4 9011 9010 9009 9008
4 9007 9006 9005 9004
4 9003 9002 9001 9000
4 8999 8998 8997 8996
4 8995 8994 8993 8992
4 8991 8990 8989 8988
4 8987 8986 8985 8984
4 8983 8982 8981 8980
4 8979 8978 8977 8976
4 8975 8974 8973 8972
4 8971 8970 8969 8968
4 8967 8966 8965 8964
4 8963 8962 8961 8960
4 8959 8958 8957 8956
4 8955 8954 8953 8952
4 8951 8950 8949 8948
4 8947 8946 8945 8944
4 8943 8942 8941 8940
4 8939 8938 8937 8936
4 8935 8934 8933 8932
4 8931 8930 8929 8928
4 8927 8926 8925 8924
4 8923 8922 8921 8920
4 8919 8918 8917 8916
4 8915 8914 8913 8912
4 8911 8910 8909 8908
4 8907 8906 8905 8904
4 8903 8902 8901 8900
4 8899 8898 8897 8896
4 8895 8894 8893 8892
4 8891 8890 8889 8888
4 8887 8886 8885 8884
4 8883 8882 8881 8880
4 8879 8878 8877 8876
4 8875 8874 8873 8872
4 8871 8870 8869 8868
4 8867 8866 8865 8864
4 8863 8862 8861 8860
4 8859 8858 8857 8856
4 8855 8854 8853 8852
4 8851 8850 8849 8848
4 8847 8846 8845 8844
4 8843 8842 8841 8840
4 8839 8838 8837 8836
4 8835 8834 8833 8832
4 8831 8830 8829 8828
4 8827 8826 8825 8824
4 8823 8822 8821 8820
4 8819 8818 8817 8816
4 8815 8814 8813 8812
4 8811 8810 8809 8808
4 8807 8806 8805 8804
4 8803 8802 8801 8800
4 8799 8798 8797 8796
4 8795 8794 8793 8792
4 8791 8790 8789 8788
4 8787 8786 8785 8784
4 8783 8782 8781 8780
4 8779 8778 8777 8776
4 8775 8774 8773 8772
4 8771 8770 8769 8768
4 8767 8766 8765 8764
4 8763 8762 8761 8760
4 8759 8758 8757 8756
4 8755 8754 8753 8752
4 8751 8750 8749 8748
4 8747 8746 8745 8744
4 8743 8742 8741 8740
4 8739 8738 8737 8736
4 8735 8734 8733 8732
4 8731 8730 8729 8728
4 8727 8726 8725 8724
4 8723 8722 8721 8720
4 8719 8718 8717 8716
4 8715 8714 8713 8712
4 8711 8710 8709 8708
4 8707 8706 8705 8704
4 8703 8702 8701 8700
4 8699 8698 8697 8696
4 8695 8694 8693 8692
4 8691 8690 8689 8688
4 8687 8686 8685 8684
4 8683 8682 8681 8680
4 8679 8678 8677 8676
4 8675 8674 8673 8672
4 8671 8670 8669 8668
4 8667 8666 8665 8664
4 8663 8662 8661 8660
4 8659 8658 8657 8656
4 8655 8654 8653 8652
4 8651 8650 8649 8648
4 8647 8646 8645 8644
4 8643 8642 8641 8640
4 8639 8638 8637 8636
4 8635 8634 8633 8632
4 8631 8630 8629 8628
4 8627 8626 8625 8624
4 8623 8622 8621 8620
4 8619 8618 8617 8616
4 8615 8614 8613 8612
4 8611 8610 8609 8608
4 8607 8606 8605 8604
4 8603 8602 8601 8600
4 8599 8598 8597 8596
4 8595 8594 8593 8592
4 8591 8590 8589 8588
4 8587 8586 8585 8584
4 8583 8582 8581 8580
4 8579 8578 8577 8576
4 8575 8574 8573 8572
4 8571 8570 8569 8568
4 8567 8566 8565 8564
4 8563 8562 8561 8560
4 8559 8558 8557 8556
4 8555 8554 8553 8552
4 8551 8550 8549 8548
4 8547 8546 8545 8544
4 8543 8542 8541 8540
4 8539 8538 8537 8536
4 8535 8534 8533 8532
4 8531 8530 8529 8528
4 8527 8526 8525 8524
4 8523 8522 8521 8520
4 8519 8518 8517 8516
4 8515 8514 8513 8512
4 8511 8510 8509 8508
4 8507 8506 8505 8504
4 8503 8502 8501 8500
4 8499 8498 8497 8496
4 8495 8494 8493 8492
4 8491 8490 8489 8488
4 8487 8486 8485 8484
4 8483 8482 8481 8480
4 8479 8478 8477 8476
4 8475 8474 8473 8472
4 8471 8470 8469 8468
4 8467 8466 8465 8464
4 8463 8462 8461 8460
4 8459 8458 8457 8456
4 8455 8454 8453 8452
4 8451 8450 8449 8448
4 8447 8446 8445 8444
4 8443 8442 8441 8440
4 8439 8438 8437 8436
4 8435 8434 8433 8432
4 8431 8430 8429 8428
4 8427 8426 8425 8424
4 8423 8422 8421 8420
4 8419 8418 8417 8416
4 8415 8414 8413 8412
4 8411 8410 8409 8408
4 8407 8406 8405 8404
4 8403 8402 8401 8400
4 8399 8398 8397 8396
4 8395 8394 8393 8392
4 8391 8390 8389 8388
4 8387 8386 8385 8384
4 8383 8382 8381 8380
4 8379 8378 8377 8376
4 8375 8374 8373 8372
4 8371 8370 8369 8368
4 8367 8366 8365 8364
4 8363 8362 8361 8360
4 8359 8358 8357 8356
4 8355 8354 8353 8352
4 8351 8350 8349 8348
4 8347 8346 8345 8344
4 8343 8342 8341 8340
4 8339 8338 8337 8336
4 8335 8334 8333 8332
4 8331 8330 8329 8328
4 8327 8326 8325 8324
4 8323 8322 8321 8320
4 8319 8318 8317 8316
4 8315 8314 8313 8312
4 8311 8310 8309 8308
4 8307 8306 8305 8304
4 8303 8302 8301 8300
4 8299 8298 8297 8296
4 8295 8294 8293 8292
4 8291 8290 8289 8288
4 8287 8286 8285 8284
4 8283 8282 8281 8280
4 8279 8278 8277 8276
4 8275 8274 8273 8272
4 8271 8270 8269 8268
4 8267 8266 8265 8264
4 8263 8262 8261 8260
4 8259 8258 8257 8256
4 8255 8254 8253 8252
4 8251 8250 8249 8248
4 8247 8246 8245 8244
4 8243 8242 8241 8240
4 8239 8238 8237 8236
4 8235 8234 8233 8232
4 8231 8230 8229 8228
4 8227 8226 8225 8224
4 8223 8222 8221 8220
4 8219 8218 8217 8216
4 8215 8214 8213 8212
4 8211 8210 8209 8208
4 8207 8206 8205 8204
4 8203 8202 8201 8200
4 8199 8198 8197 8196
4 8195 8194 8193 8192
4 8191 8190 8189 8188
4 8187 8186 8185 8184
4 8183 8182 8181 8180
4 8179 8178 8177 8176
4 8175 8174 8173 8172
4 8171 8170 8169 8168
4 8167 8166 8165 8164
4 8163 8162 8161 8160
4 8159 8158 8157 8156
4 8155 8154 8153 8152
4 8151 8150 8149 8148
4 8147 8146 8145 8144
4 8143 8142 8141 8140
4 8139 8138 8137 8136
4 8135 8134 8133 8132
4 8131 8130 8129 8128
4 8127 8126 8125 8124
4 8123 8122 8121 8120
4 8119 8118 8117 8116
4 8115 8114 8113 8112
4 8111 8110 8109 8108
4 8107 8106 8105 8104
4 8103 8102 8101 8100
4 8099 8098 8097 8096
4 8095 8094 8093 8092
4 8091 8090 8089 8088
4 8087 8086 8085 8084
4 8083 8082 8081 8080
4 8079 8078 8077 8076
4 8075 8074 8073 8072
4 8071 8070 8069 8068
4 8067 8066 8065 8064
4 8063 8062 8061 8060
4 8059 8058 8057 8056
4 8055 8054 8053 8052
4 8051 8050 8049 8048
4 8047 8046 8045 8044
4 8043 8042 8041 8040
4 8039 8038 8037 8036
4 8035 8034 8033 8032
4 8031 8030 8029 8028
4 8027 8026 8025 8024
4 8023 8022 8021 8020
4 8019 8018 8017 8016
4 8015 8014 8013 8012
4 8011 8010 8009 8008
4 8007 8006 8005 8004
4 8003 8002 8001 8000
4 7999 7998 7997 7996
4 7995 7994 7993 7992
4 7991 7990 7989 7988
4 7987 7986 7985 7984
4 7983 7982 7981 7980
4 7979 7978 7977 7976
4 7975 7974 7973 7972
4 7971 7970 7969 7968
4 7967 7966 7965 7964
4 7963 7962 7961 7960
4 7959 7958 7957 7956
4 7955 7954 7953 7952
4 7951 7950 7949 7948
4 7947 7946 7945 7944
4 7943 7942 7941 7940
4 7939 7938 7937 7936
4 7935 7934 7933 7932
4 7931 7930 7929 7928
4 7927 7926 7925 7924
4 7923 7922 7921 7920
4 7919 7918 7917 7916
4 7915 7914 7913 7912
4 7911 7910 7909 7908
4 7907 7906 7905 7904
4 7903 7902 7901 7900
4 7899 7898 7897 7896
4 7895 7894 7893 7892
4 7891 7890 7889 7888
4 7887 7886 7885 7884
4 7883 7882 7881 7880
4 7879 7878 7877 7876
4 7875 7874 7873 7872
4 7871 7870 7869 7868
4 7867 7866 7865 7864
4 7863 7862 7861 7860
4 7859 7858 7857 7856
4 7855 7854 7853 7852
4 7851 7850 7849 7848
4 7847 7846 7845 7844
4 7843 7842 7841 7840
4 7839 7838 7837 7836
4 7835 7834 7833 7832
4 7831 7830 7829 7828
4 7827 7826 7825 7824
4 7823 7822 7821 7820
4 7819 7818 7817 7816
4 7815 7814 7813 7812
4 7811 7810 7809 7808
4 7807 7806 7805 7804
4 7803 7802 7801 7800
4 7799 7798 7797 7796
4 7795 7794 7793 7792
4 7791 7790 7789 7788
4 7787 7786 7785 7784
4 7783 7782 7781 7780
4 7779 7778 7777 7776
4 7775 7774 7773 7772
4 7771 7770 7769 7768
4 7767 7766 7765 7764
4 7763 7762 7761 7760
4 7759 7758 7757 7756
4 7755 7754 7753 7752
4 7751 7750 7749 7748
4 7747 7746 7745 7744
4 7743 7742 7741 7740
4 7739 7738 7737 7736
4 7735 7734 7733 7732
4 7731 7730 7729 7728
4 7727 7726 7725 7724
4 7723 7722 7721 7720
4 7719 7718 7717 7716
4 7715 7714 7713 7712
4 7711 7710 7709 7708
4 7707 7706 7705 7704
4 7703 7702 7701 7700
4 7699 7698 7697 7696
4 7695 7694 7693 7692
4 7691 7690 7689 7688
4 7687 7686 7685 7684
4 7683 7682 7681 7680
4 7679 7678 7677 7676
4 7675 7674 7673 7672
4 7671 7670 7669 7668
4 7667 7666 7665 7664
4 7663 7662 7661 7660
4 7659 7658 7657 7656
4 7655 7654 7653 7652
4 7651 7650 7649 7648
4 7647 7646 7645 7644
4 7643 7642 7641 7640
4 7639 7638 7637 7636
4 7635 7634 7633 7632
4 7631 7630 7629 7628
4 7627 7626 7625 7624
4 7623 7622 7621 7620
4 7619 7618 7617 7616
4 7615 7614 7613 7612
4 7611 7610 7609 7608
4 7607 7606 7605 7604
4 7603 7602 7601 7600
4 7599 7598 7597 7596
4 7595 7594 7593 7592
4 7591 7590 7589 7588
4 7587 7586 7585 7584
4 7583 7582 7581 7580
4 7579 7578 7577 7576
4 7575 7574 7573 7572
4 7571 7570 7569 7568
4 7567 7566 7565 7564
4 7563 7562 7561 7560
4 7559 7558 7557 7556
4 7555 7554 7553 7552
4 7551 7550 7549 7548
4 7547 7546 7545 7544
4 7543 7542 7541 7540
4 7539 7538 7537 7536
4 7535 7534 7533 7532
4 7531 7530 7529 7528
4 7527 7526 7525 7524
4 7523 7522 7521 7520
4 7519 7518 7517 7516
4 7515 7514 7513 7512
4 7511 7510 7509 7508
4 7507 7506 7505 7504
4 7503 7502 7501 7500
4 7499 7498 7497 7496
4 7495 7494 7493 7492
4 7491 7490 7489 7488
4 7487 7486 7485 7484
4 7483 7482 7481 7480
4 7479 7478 7477 7476
4 7475 7474 7473 7472
4 7471 7470 7469 7468
4 7467 7466 7465 7464
4 7463 7462 7461 7460
4 7459 7458 7457 7456
4 7455 7454 7453 7452
4 7451 7450 7449 7448
4 7447 7446 7445 7444
4 7443 7442 7441 7440
4 7439 7438 7437 7436
4 7435 7434 7433 7432
4 7431 7430 7429 7428
4 7427 7426 7425 7424
4 7423 7422 7421 7420
4 7419 7418 7417 7416
4 7415 7414 7413 7412
4 7411 7410 7409 7408
4 7407 7406 7405 7404
4 7403 7402 7401 7400
4 7399 7398 7397 7396
4 7395 7394 7393 7392
4 7391 7390 7389 7388
4 7387 7386 7385 7384
4 7383 7382 7381 7380
4 7379 7378 7377 7376
4 7375 7374 7373 7372
4 7371 7370 7369 7368
4 7367 7366 7365 7364
4 7363 7362 7361 7360
4 7359 7358 7357 7356
4 7355 7354 7353 7352
4 7351 7350 7349 7348
4 7347 7346 7345 7344
4 7343 7342 7341 7340
4 7339 7338 7337 7336
4 7335 7334 7333 7332
4 7331 7330 7329 7328
4 7327 7326 7325 7324
4 7323 7322 7321 7320
4 7319 7318 7317 7316
4 7315 7314 7313 7312
4 7311 7310 7309 7308
4 7307 7306 7305 7304
4 7303 7302 7301 7300
4 7299 7298 7297 7296
4 7295 7294 7293 7292
4 7291 7290 7289 7288
4 7287 7286 7285 7284
4 7283 7282 7281 7280
4 7279 7278 7277 7276
4 7275 7274 7273 7272
4 7271 7270 7269 7268
4 7267 7266 7265 7264
4 7263 7262 7261 7260
4 7259 7258 7257 7256
4 7255 7254 7253 7252
4 7251 7250 7249 7248
4 7247 7246 7245 7244
4 7243 7242 7241 7240
4 7239 7238 7237 7236
4 7235 7234 7233 7232
4 7231 7230 7229 7228
4 7227 7226 7225 7224
4 7223 7222 7221 7220
4 7219 7218 7217 7216
4 7215 7214 7213 7212
4 7211 7210 7209 7208
4 7207 7206 7205 7204
4 7203 7202 7201 7200
4 7199 7198 7197 7196
4 7195 7194 7193 7192
4 7191 7190 7189 7188
4 7187 7186 7185 7184
4 7183 7182 7181 7180
4 7179 7178 7177 7176
4 7175 7174 7173 7172
4 7171 7170 7169 7168
4 7167 7166 7165 7164
4 7163 7162 7161 7160
4 7159 7158 7157 7156
4 7155 7154 7153 7152
4 7151 7150 7149 7148
4 7147 7146 7145 7144
4 7143 7142 7141 7140
4 7139 7138 7137 7136
4 7135 7134 7133 7132
4 7131 7130 7129 7128
4 7127 7126 7125 7124
4 7123 7122 7121 7120
4 7119 7118 7117 7116
4 7115 7114 7113 7112
4 7111 7110 7109 7108
4 7107 7106 7105 7104
4 7103 7102 7101 7100
4 7099 7098 7097 7096
4 7095 7094 7093 7092
4 7091 7090 7089 7088
4 7087 7086 7085 7084
4 7083 7082 7081 7080
4 7079 7078 7077 7076
4 7075 7074 7073 7072
4 7071 7070 7069 7068
4 7067 7066 7065 7064
4 7063 7062 7061 7060
4 7059 7058 7057 7056
4 7055 7054 7053 7052
4 7051 7050 7049 7048
4 7047 7046 7045 7044
4 7043 7042 7041 7040
4 7039 7038 7037 7036
4 7035 7034 7033 7032
4 7031 7030 7029 7028
4 7027 7026 7025 7024
4 7023 7022 7021 7020
4 7019 7018 7017 7016
4 7015 7014 7013 7012
4 7011 7010 7009 7008
4 7007 7006 7005 7004
4 7003 7002 7001 7000
4 6999 6998 6997 6996
4 6995 6994 6993 6992
4 6991 6990 6989 6988
4 6987 6986 6985 6984
4 6983 6982 6981 6980
4 6979 6978 6977 6976
4 6975 6974 6973 6972
4 6971 6970 6969 6968
4 6967 6966 6965 6964
4 6963 6962 6961 6960
4 6959 6958 6957 6956
4 6955 6954 6953 6952
4 6951 6950 6949 6948
4 6947 6946 6945 6944
4 6943 6942 6941 6940
4 6939 6938 6937 6936
4 6935 6934 6933 6932
4 6931 6930 6929 6928
4 6927 6926 6925 6924
4 6923 6922 6921 6920
4 6919 6918 6917 6916
4 6915 6914 6913 6912
4 6911 6910 6909 6908
4 6907 6906 6905 6904
4 6903 6902 6901 6900
4 6899 6898 6897 6896
4 6895 6894 6893 6892
4 6891 6890 6889 6888
4 6887 6886 6885 6884
4 6883 6882 6881 6880
4 6879 6878 6877 6876
4 6875 6874 6873 6872
4 6871 6870 6869 6868
4 6867 6866 6865 6864
4 6863 6862 6861 6860
4 6859 6858 6857 6856
4 6855 6854 6853 6852
4 6851 6850 6849 6848
4 6847 6846 6845 6844
4 6843 6842 6841 6840
4 6839 6838 6837 6836
4 6835 6834 6833 6832
4 6831 6830 6829 6828
4 6827 6826 6825 6824
4 6823 6822 6821 6820
4 6819 6818 6817 6816
4 6815 6814 6813 6812
4 6811 6810 6809 6808
4 6807 6806 6805 6804
4 6803 6802 6801 6800
4 6799 6798 6797 6796
4 6795 6794 6793 6792
4 6791 6790 6789 6788
4 6787 6786 6785 6784
4 6783 6782 6781 6780
4 6779 6778 6777 6776
4 6775 6774 6773 6772
4 6771 6770 6769 6768
4 6767 6766 6765 6764
4 6763 6762 6761 6760
4 6759 6758 6757 6756
4 6755 6754 6753 6752
4 6751 6750 6749 6748
4 6747 6746 6745 6744
4 6743 6742 6741 6740
4 6739 6738 6737 6736
4 6735 6734 6733 6732
4 6731 6730 6729 6728
4 6727 6726 6725 6724
4 6723 6722 6721 6720
4 6719 6718 6717 6716
4 6715 6714 6713 6712
4 6711 6710 6709 6708
4 6707 6706 6705 6704
4 6703 6702 6701 6700
4 6699 6698 6697 6696
4 6695 6694 6693 6692
4 6691 6690 6689 6688
4 6687 6686 6685 6684
4 6683 6682 6681 6680
4 6679 6678 6677 6676
4 6675 6674 6673 6672
4 6671 6670 6669 6668
4 6667 6666 6665 6664
4 6663 6662 6661 6660
4 6659 6658 6657 6656
4 6655 6654 6653 6652
4 6651 6650 6649 6648
4 6647 6646 6645 6644
4 6643 6642 6641 6640
4 6639 6638 6637 6636
4 6635 6634 6633 6632
4 6631 6630 6629 6628
4 6627 6626 6625 6624
4 6623 6622 6621 6620
4 6619 6618 6617 6616
4 6615 6614 6613 6612
4 6611 6610 6609 6608
4 6607 6606 6605 6604
4 6603 6602 6601 6600
4 6599 6598 6597 6596
4 6595 6594 6593 6592
4 6591 6590 6589 6588
4 6587 6586 6585 6584
4 6583 6582 6581 6580
4 6579 6578 6577 6576
4 6575 6574 6573 6572
4 6571 6570 6569 6568
4 6567 6566 6565 6564
4 6563 6562 6561 6560
4 6559 6558 6557 6556
4 6555 6554 6553 6552
4 6551 6550 6549 6548
4 6547 6546 6545 6544
4 6543 6542 6541 6540
4 6539 6538 6537 6536
4 6535 6534 6533 6532
4 6531 6530 6529 6528
4 6527 6526 6525 6524
4 6523 6522 6521 6520
4 6519 6518 6517 6516
4 6515 6514 6513 6512
4 6511 6510 6509 6508
4 6507 6506 6505 6504
4 6503 6502 6501 6500
4 6499 6498 6497 6496
4 6495 6494 6493 6492
4 6491 6490 6489 6488
4 6487 6486 6485 6484
4 6483 6482 6481 6480
4 6479 6478 6477 6476
4 6475 6474 6473 6472
4 6471 6470 6469 6468
4 6467 6466 6465 6464
4 6463 6462 6461 6460
4 6459 6458 6457 6456
4 6455 6454 6453 6452
4 6451 6450 6449 6448
4 6447 6446 6445 6444
4 6443 6442 6441 6440
4 6439 6438 6437 6436
4 6435 6434 6433 6432
4 6431 6430 6429 6428
4 6427 6426 6425 6424
4 6423 6422 6421 6420
4 6419 6418 6417 6416
4 6415 6414 6413 6412
4 6411 6410 6409 6408
4 6407 6406 6405 6404
4 6403 6402 6401 6400
4 6399 6398 6397 6396
4 6395 6394 6393 6392
4 6391 6390 6389 6388
4 6387 6386 6385 6384
4 6383 6382 6381 6380
4 6379 6378 6377 6376
4 6375 6374 6373 6372
4 6371 6370 6369 6368
4 6367 6366 6365 6364
4 6363 6362 6361 6360
4 6359 6358 6357 6356
4 6355 6354 6353 6352
4 6351 6350 6349 6348
4 6347 6346 6345 6344
4 6343 6342 6341 6340
4 6339 6338 6337 6336
4 6335 6334 6333 6332
4 6331 6330 6329 6328
4 6327 6326 6325 6324
4 6323 6322 6321 6320
4 6319 6318 6317 6316
4 6315 6314 6313 6312
4 6311 6310 6309 6308
4 6307 6306 6305 6304
4 6303 6302 6301 6300
4 6299 6298 6297 6296
4 6295 6294 6293 6292
4 6291 6290 6289 6288
4 6287 6286 6285 6284
4 6283 6282 6281 6280
4 6279 6278 6277 6276
4 6275 6274 6273 6272
4 6271 6270 6269 6268
4 6267 6266 6265 6264
4 6263 6262 6261 6260
4 6259 6258 6257 6256
4 6255 6254 6253 6252
4 6251 6250 6249 6248
4 6247 6246 6245 6244
4 6243 6242 6241 6240
4 6239 6238 6237 6236
4 6235 6234 6233 6232
4 6231 6230 6229 6228
4 6227 6226 6225 6224
4 6223 6222 6221 6220
4 6219 6218 6217 6216
4 6215 6214 6213 6212
4 6211 6210 6209 6208
4 6207 6206 6205 6204
4 6203 6202 6201 6200
4 6199 6198 6197 6196
4 6195 6194 6193 6192
4 6191 6190 6189 6188
4 6187 6186 6185 6184
4 6183 6182 6181 6180
4 6179 6178 6177 6176
4 6175 6174 6173 6172
4 6171 6170 6169 6168
4 6167 6166 6165 6164
4 6163 6162 6161 6160
4 6159 6158 6157 6156
4 6155 6154 6153 6152
4 6151 6150 6149 6148
4 6147 6146 6145 6144
4 6143 6142 6141 6140
4 6139 6138 6137 6136
4 6135 6134 6133 6132
4 6131 6130 6129 6128
4 6127 6126 6125 6124
4 6123 6122 6121 6120
4 6119 6118 6117 6116
4 6115 6114 6113 6112
4 6111 6110 6109 6108
4 6107 6106 6105 6104
4 6103 6102 6101 6100
4 6099 6098 6097 6096
4 6095 6094 6093 6092
4 6091 6090 6089 6088
4 6087 6086 6085 6084
4 6083 6082 6081 6080
4 6079 6078 6077 6076
4 6075 6074 6073 6072
4 6071 6070 6069 6068
4 6067 6066 6065 6064
4 6063 6062 6061 6060
4 6059 6058 6057 6056
4 6055 6054 6053 6052
4 6051 6050 6049 6048
4 6047 6046 6045 6044
4 6043 6042 6041 6040
4 6039 6038 6037 6036
4 6035 6034 6033 6032
4 6031 6030 6029 6028
4 6027 6026 6025 6024
4 6023 6022 6021 6020
4 6019 6018 6017 6016
4 6015 6014 6013 6012
4 6011 6010 6009 6008
4 6007 6006 6005 6004
4 6003 6002 6001 6000
4 5999 5998 5997 5996
4 5995 5994 5993 5992
4 5991 5990 5989 5988
4 5987 5986 5985 5984
4 5983 5982 5981 5980
4 5979 5978 5977 5976
4 5975 5974 5973 5972
4 5971 5970 5969 5968
4 5967 5966 5965 5964
4 5963 5962 5961 5960
4 5959 5958 5957 5956
4 5955 5954 5953 5952
4 5951 5950 5949 5948
4 5947 5946 5945 5944
4 5943 5942 5941 5940
4 5939 5938 5937 5936
4 5935 5934 5933 5932
4 5931 5930 5929 5928
4 5927 5926 5925 5924
4 5923 5922 5921 5920
4 5919 5918 5917 5916
4 5915 5914 5913 5912
4 5911 5910 5909 5908
4 5907 5906 5905 5904
4 5903 5902 5901 5900
4 5899 5898 5897 5896
4 5895 5894 5893 5892
4 5891 5890 5889 5888
4 5887 5886 5885 5884
4 5883 5882 5881 5880
4 5879 5878 5877 5876
4 5875 5874 5873 5872
4 5871 5870 5869 5868
4 5867 5866 5865 5864
4 5863 5862 5861 5860
4 5859 5858 5857 5856
4 5855 5854 5853 5852
4 5851 5850 5849 5848
4 5847 5846 5845 5844
4 5843 5842 5841 5840
4 5839 5838 5837 5836
4 5835 5834 5833 5832
4 5831 5830 5829 5828
4 5827 5826 5825 5824
4 5823 5822 5821 5820
4 5819 5818 5817 5816
4 5815 5814 5813 5812
4 5811 5810 5809 5808
4 5807 5806 5805 5804
4 5803 5802 5801 5800
4 5799 5798 5797 5796
4 5795 5794 5793 5792
4 5791 5790 5789 5788
4 5787 5786 5785 5784
4 5783 5782 5781 5780
4 5779 5778 5777 5776
4 5775 5774 5773 5772
4 5771 5770 5769 5768
4 5767 5766 5765 5764
4 5763 5762 5761 5760
4 5759 5758 5757 5756
4 5755 5754 5753 5752
4 5751 5750 5749 5748
4 5747 5746 5745 5744
4 5743 5742 5741 5740
4 5739 5738 5737 5736
4 5735 5734 5733 5732
4 5731 5730 5729 5728
4 5727 5726 5725 5724
4 5723 5722 5721 5720
4 5719 5718 5717 5716
4 5715 5714 5713 5712
4 5711 5710 5709 5708
4 5707 5706 5705 5704
4 5703 5702 5701 5700
4 5699 5698 5697 5696
4 5695 5694 5693 5692
4 5691 5690 5689 5688
4 5687 5686 5685 5684
4 5683 5682 5681 5680
4 5679 5678 5677 5676
4 5675 5674 5673 5672
4 5671 5670 5669 5668
4 5667 5666 5665 5664
4 5663 5662 5661 5660
4 5659 5658 5657 5656
4 5655 5654 5653 5652
4 5651 5650 5649 5648
4 5647 5646 5645 5644
4 5643 5642 5641 5640
4 5639 5638 5637 5636
4 5635 5634 5633 5632
4 5631 5630 5629 5628
4 5627 5626 5625 5624
4 5623 5622 5621 5620
4 5619 5618 5617 5616
4 5615 5614 5613 5612
4 5611 5610 5609 5608
4 5607 5606 5605 5604
4 5603 5602 5601 5600
4 5599 5598 5597 5596
4 5595 5594 5593 5592
4 5591 5590 5589 5588
4 5587 5586 5585 5584
4 5583 5582 5581 5580
4 5579 5578 5577 5576
4 5575 5574 5573 5572
4 5571 5570 5569 5568
4 5567 5566 5565 5564
4 5563 5562 5561 5560
4 5559 5558 5557 5556
4 5555 5554 5553 5552
4 5551 5550 5549 5548
4 5547 5546 5545 5544
4 5543 5542 5541 5540
4 5539 5538 5537 5536
4 5535 5534 5533 5532
4 5531 5530 5529 5528
4 5527 5526 5525 5524
4 5523 5522 5521 5520
4 5519 5518 5517 5516
4 5515 5514 5513 5512
4 5511 5510 5509 5508
4 5507 5506 5505 5504
4 5503 5502 5501 5500
4 5499 5498 5497 5496
4 5495 5494 5493 5492
4 5491 5490 5489 5488
4 5487 5486 5485 5484
4 5483 5482 5481 5480
4 5479 5478 5477 5476
4 5475 5474 5473 5472
4 5471 5470 5469 5468
4 5467 5466 5465 5464
4 5463 5462 5461 5460
4 5459 5458 5457 5456
4 5455 5454 5453 5452
4 5451 5450 5449 5448
4 5447 5446 5445 5444
4 5443 5442 5441 5440
4 5439 5438 5437 5436
4 5435 5434 5433 5432
4 5431 5430 5429 5428
4 5427 5426 5425 5424
4 5423 5422 5421 5420
4 5419 5418 5417 5416
4 5415 5414 5413 5412
4 5411 5410 5409 5408
4 5407 5406 5405 5404
4 5403 5402 5401 5400
4 5399 5398 5397 5396
4 5395 5394 5393 5392
4 5391 5390 5389 5388
4 5387 5386 5385 5384
4 5383 5382 5381 5380
4 5379 5378 5377 5376
4 5375 5374 5373 5372
4 5371 5370 5369 5368
4 5367 5366 5365 5364
4 5363 5362 5361 5360
4 5359 5358 5357 5356
4 5355 5354 5353 5352
4 5351 5350 5349 5348
4 5347 5346 5345 5344
4 5343 5342 5341 5340
4 5339 5338 5337 5336
4 5335 5334 5333 5332
4 5331 5330 5329 5328
4 5327 5326 5325 5324
4 5323 5322 5321 5320
4 5319 5318 5317 5316
4 5315 5314 5313 5312
4 5311 5310 5309 5308
4 5307 5306 5305 5304
4 5303 5302 5301 5300
4 5299 5298 5297 5296
4 5295 5294 5293 5292
4 5291 5290 5289 5288
4 5287 5286 5285 5284
4 5283 5282 5281 5280
4 5279 5278 5277 5276
4 5275 5274 5273 5272
4 5271 5270 5269 5268
4 5267 5266 5265 5264
4 5263 5262 5261 5260
4 5259 5258 5257 5256
4 5255 5254 5253 5252
4 5251 5250 5249 5248
4 5247 5246 5245 5244
4 5243 5242 5241 5240
4 5239 5238 5237 5236
4 5235 5234 5233 5232
4 5231 5230 5229 5228
4 5227 5226 5225 5224
4 5223 5222 5221 5220
4 5219 5218 5217 5216
4 5215 5214 5213 5212
4 5211 5210 5209 5208
4 5207 5206 5205 5204
4 5203 5202 5201 5200
4 5199 5198 5197 5196
4 5195 5194 5193 5192
4 5191 5190 5189 5188
4 5187 5186 5185 5184
4 5183 5182 5181 5180
4 5179 5178 5177 5176
4 5175 5174 5173 5172
4 5171 5170 5169 5168
4 5167 5166 5165 5164
4 5163 5162 5161 5160
4 5159 5158 5157 5156
4 5155 5154 5153 5152
4 5151 5150 5149 5148
4 5147 5146 5145 5144
4 5143 5142 5141 5140
4 5139 5138 5137 5136
4 5135 5134 5133 5132
4 5131 5130 5129 5128
4 5127 5126 5125 5124
4 5123 5122 5121 5120
4 5119 5118 5117 5116
4 5115 5114 5113 5112
4 5111 5110 5109 5108
4 5107 5106 5105 5104
4 5103 5102 5101 5100
4 5099 5098 5097 5096
4 5095 5094 5093 5092
4 5091 5090 5089 5088
4 5087 5086 5085 5084
4 5083 5082 5081 5080
4 5079 5078 5077 5076
4 5075 5074 5073 5072
4 5071 5070 5069 5068
4 5067 5066 5065 5064
4 5063 5062 5061 5060
4 5059 5058 5057 5056
4 5055 5054 5053 5052
4 5051 5050 5049 5048
4 5047 5046 5045 5044
4 5043 5042 5041 5040
4 5039 5038 5037 5036
4 5035 5034 5033 5032
4 5031 5030 5029 5028
4 5027 5026 5025 5024
4 5023 5022 5021 5020
4 5019 5018 5017 5016
4 5015 5014 5013 5012
4 5011 5010 5009 5008
4 5007 5006 5005 5004
4 5003 5002 5001 5000
4 4999 4998 4997 4996
4 4995 4994 4993 4992
4 4991 4990 4989 4988
4 4987 4986 4985 4984
4 4983 4982 4981 4980
4 4979 4978 4977 4976
4 4975 4974 4973 4972
4 4971 4970 4969 4968
4 4967 4966 4965 4964
4 4963 4962 4961 4960
4 4959 4958 4957 4956
4 4955 4954 4953 4952
4 4951 4950 4949 4948
4 4947 4946 4945 4944
4 4943 4942 4941 4940
4 4939 4938 4937 4936
4 4935 4934 4933 4932
4 4931 4930 4929 4928
4 4927 4926 4925 4924
4 4923 4922 4921 4920
4 4919 4918 4917 4916
4 4915 4914 4913 4912
4 4911 4910 4909 4908
4 4907 4906 4905 4904
4 4903 4902 4901 4900
4 4899 4898 4897 4896
4 4895 4894 4893 4892
4 4891 4890 4889 4888
4 4887 4886 4885 4884
4 4883 4882 4881 4880
4 4879 4878 4877 4876
4 4875 4874 4873 4872
4 4871 4870 4869 4868
4 4867 4866 4865 4864
4 4863 4862 4861 4860
4 4859 4858 4857 4856
4 4855 4854 4853 4852
4 4851 4850 4849 4848
4 4847 4846 4845 4844
4 4843 4842 4841 4840
4 4839 4838 4837 4836
4 4835 4834 4833 4832
4 4831 4830 4829 4828
4 4827 4826 4825 4824
4 4823 4822 4821 4820
4 4819 4818 4817 4816
4 4815 4814 4813 4812
4 4811 4810 4809 4808
4 4807 4806 4805 4804
4 4803 4802 4801 4800
4 4799 4798 4797 4796
4 4795 4794 4793 4792
4 4791 4790 4789 4788
4 4787 4786 4785 4784
4 4783 4782 4781 4780
4 4779 4778 4777 4776
4 4775 4774 4773 4772
4 4771 4770 4769 4768
4 4767 4766 4765 4764
4 4763 4762 4761 4760
4 4759 4758 4757 4756
4 4755 4754 4753 4752
4 4751 4750 4749 4748
4 4747 4746 4745 4744
4 4743 4742 4741 4740
4 4739 4738 4737 4736
4 4735 4734 4733 4732
4 4731 4730 4729 4728
4 4727 4726 4725 4724
4 4723 4722 4721 4720
4 4719 4718 4717 4716
4 4715 4714 4713 4712
4 4711 4710 4709 4708
4 4707 4706 4705 4704
4 4703 4702 4701 4700
4 4699 4698 4697 4696
4 4695 4694 4693 4692
4 4691 4690 4689 4688
4 4687 4686 4685 4684
4 4683 4682 4681 4680
4 4679 4678 4677 4676
4 4675 4674 4673 4672
4 4671 4670 4669 4668
4 4667 4666 4665 4664
4 4663 4662 4661 4660
4 4659 4658 4657 4656
4 4655 4654 4653 4652
4 4651 4650 4649 4648
4 4647 4646 4645 4644
4 4643 4642 4641 4640
4 4639 4638 4637 4636
4 4635 4634 4633 4632
4 4631 4630 4629 4628
4 4627 4626 4625 4624
4 4623 4622 4621 4620
4 4619 4618 4617 4616
4 4615 4614 4613 4612
4 4611 4610 4609 4608
4 4607 4606 4605 4604
4 4603 4602 4601 4600
4 4599 4598 4597 4596
4 4595 4594 4593 4592
4 4591 4590 4589 4588
4 4587 4586 4585 4584
4 4583 4582 4581 4580
4 4579 4578 4577 4576
4 4575 4574 4573 4572
4 4571 4570 4569 4568
4 4567 4566 4565 4564
4 4563 4562 4561 4560
4 4559 4558 4557 4556
4 4555 4554 4553 4552
4 4551 4550 4549 4548
4 4547 4546 4545 4544
4 4543 4542 4541 4540
4 4539 4538 4537 4536
4 4535 4534 4533 4532
4 4531 4530 4529 4528
4 4527 4526 4525 4524
4 4523 4522 4521 4520
4 4519 4518 4517 4516
4 4515 4514 4513 4512
4 4511 4510 4509 4508
4 4507 4506 4505 4504
4 4503 4502 4501 4500
4 4499 4498 4497 4496
4 4495 4494 4493 4492
4 4491 4490 4489 4488
4 4487 4486 4485 4484
4 4483 4482 4481 4480
4 4479 4478 4477 4476
4 4475 4474 4473 4472
4 4471 4470 4469 4468
4 4467 4466 4465 4464
4 4463 4462 4461 4460
4 4459 4458 4457 4456
4 4455 4454 4453 4452
4 4451 4450 4449 4448
4 4447 4446 4445 4444
4 4443 4442 4441 4440
4 4439 4438 4437 4436
4 4435 4434 4433 4432
4 4431 4430 4429 4428
4 4427 4426 4425 4424
4 4423 4422 4421 4420
4 4419 4418 4417 4416
4 4415 4414 4413 4412
4 4411 4410 4409 4408
4 4407 4406 4405 4404
4 4403 4402 4401 4400
4 4399 4398 4397 4396
4 4395 4394 4393 4392
4 4391 4390 4389 4388
4 4387 4386 4385 4384
4 4383 4382 4381 4380
4 4379 4378 4377 4376
4 4375 4374 4373 4372
4 4371 4370 4369 4368
4 4367 4366 4365 4364
4 4363 4362 4361 4360
4 4359 4358 4357 4356
4 4355 4354 4353 4352
4 4351 4350 4349 4348
4 4347 4346 4345 4344
4 4343 4342 4341 4340
4 4339 4338 4337 4336
4 4335 4334 4333 4332
4 4331 4330 4329 4328
4 4327 4326 4325 4324
4 4323 4322 4321 4320
4 4319 4318 4317 4316
4 4315 4314 4313 4312
4 4311 4310 4309 4308
4 4307 4306 4305 4304
4 4303 4302 4301 4300
4 4299 4298 4297 4296
4 4295 4294 4293 4292
4 4291 4290 4289 4288
4 4287 4286 4285 4284
4 4283 4282 4281 4280
4 4279 4278 4277 4276
4 4275 4274 4273 4272
4 4271 4270 4269 4268
4 4267 4266 4265 4264
4 4263 4262 4261 4260
4 4259 4258 4257 4256
4 4255 4254 4253 4252
4 4251 4250 4249 4248
4 4247 4246 4245 4244
4 4243 4242 4241 4240
4 4239 4238 4237 4236
4 4235 4234 4233 4232
4 4231 4230 4229 4228
4 4227 4226 4225 4224
4 4223 4222 4221 4220
4 4219 4218 4217 4216
4 4215 4214 4213 4212
4 4211 4210 4209 4208
4 4207 4206 4205 4204
4 4203 4202 4201 4200
4 4199 4198 4197 4196
4 4195 4194 4193 4192
4 4191 4190 4189 4188
4 4187 4186 4185 4184
4 4183 4182 4181 4180
4 4179 4178 4177 4176
4 4175 4174 4173 4172
4 4171 4170 4169 4168
4 4167 4166 4165 4164
4 4163 4162 4161 4160
4 4159 4158 4157 4156
4 4155 4154 4153 4152
4 4151 4150 4149 4148
4 4147 4146 4145 4144
4 4143 4142 4141 4140
4 4139 4138 4137 4136
4 4135 4134 4133 4132
4 4131 4130 4129 4128
4 4127 4126 4125 4124
4 4123 4122 4121 4120
4 4119 4118 4117 4116
4 4115 4114 4113 4112
4 4111 4110 4109 4108
4 4107 4106 4105 4104
4 4103 4102 4101 4100
4 4099 4098 4097 4096
4 4095 4094 4093 4092
4 4091 4090 4089 4088
4 4087 4086 4085 4084
4 4083 4082 4081 4080
4 4079 4078 4077 4076
4 4075 4074 4073 4072
4 4071 4070 4069 4068
4 4067 4066 4065 4064
4 4063 4062 4061 4060
4 4059 4058 4057 4056
4 4055 4054 4053 4052
4 4051 4050 4049 4048
4 4047 4046 4045 4044
4 4043 4042 4041 4040
4 4039 4038 4037 4036
4 4035 4034 4033 4032
4 4031 4030 4029 4028
4 4027 4026 4025 4024
4 4023 4022 4021 4020
4 4019 4018 4017 4016
4 4015 4014 4013 4012
4 4011 4010 4009 4008
4 4007 4006 4005 4004
4 4003 4002 4001 4000
4 3999 3998 3997 3996
4 3995 3994 3993 3992
4 3991 3990 3989 3988
4 3987 3986 3985 3984
4 3983 3982 3981 3980
4 3979 3978 3977 3976
4 3975 3974 3973 3972
4 3971 3970 3969 3968
4 3967 3966 3965 3964
4 3963 3962 3961 3960
4 3959 3958 3957 3956
4 3955 3954 3953 3952
4 3951 3950 3949 3948
4 3947 3946 3945 3944
4 3943 3942 3941 3940
4 3939 3938 3937 3936
4 3935 3934 3933 3932
4 3931 3930 3929 3928
4 3927 3926 3925 3924
4 3923 3922 3921 3920
4 3919 3918 3917 3916
4 3915 3914 3913 3912
4 3911 3910 3909 3908
4 3907 3906 3905 3904
4 3903 3902 3901 3900
4 3899 3898 3897 3896
4 3895 3894 3893 3892
4 3891 3890 3889 3888
4 3887 3886 3885 3884
4 3883 3882 3881 3880
4 3879 3878 3877 3876
4 3875 3874 3873 3872
4 3871 3870 3869 3868
4 3867 3866 3865 3864
4 3863 3862 3861 3860
4 3859 3858 3857 3856
4 3855 3854 3853 3852
4 3851 3850 3849 3848
4 3847 3846 3845 3844
4 3843 3842 3841 3840
4 3839 3838 3837 3836
4 3835 3834 3833 3832
4 3831 3830 3829 3828
4 3827 3826 3825 3824
4 3823 3822 3821 3820
4 3819 3818 3817 3816
4 3815 3814 3813 3812
4 3811 3810 3809 3808
4 3807 3806 3805 3804
4 3803 3802 3801 3800
4 3799 3798 3797 3796
4 3795 3794 3793 3792
4 3791 3790 3789 3788
4 3787 3786 3785 3784
4 3783 3782 3781 3780
4 3779 3778 3777 3776
4 3775 3774 3773 3772
4 3771 3770 3769 3768
4 3767 3766 3765 3764
4 3763 3762 3761 3760
4 3759 3758 3757 3756
4 3755 3754 3753 3752
4 3751 3750 3749 3748
4 3747 3746 3745 3744
4 3743 3742 3741 3740
4 3739 3738 3737 3736
4 3735 3734 3733 3732
4 3731 3730 3729 3728
4 3727 3726 3725 3724
4 3723 3722 3721 3720
4 3719 3718 3717 3716
4 3715 3714 3713 3712
4 3711 3710 3709 3708
4 3707 3706 3705 3704
4 3703 3702 3701 3700
4 3699 3698 3697 3696
4 3695 3694 3693 3692
4 3691 3690 3689 3688
4 3687 3686 3685 3684
4 3683 3682 3681 3680
4 3679 3678 3677 3676
4 3675 3674 3673 3672
4 3671 3670 3669 3668
4 3667 3666 3665 3664
4 3663 3662 3661 3660
4 3659 3658 3657 3656
4 3655 3654 3653 3652
4 3651 3650 3649 3648
4 3647 3646 3645 3644
4 3643 3642 3641 3640
4 3639 3638 3637 3636
4 3635 3634 3633 3632
4 3631 3630 3629 3628
4 3627 3626 3625 3624
4 3623 3622 3621 3620
4 3619 3618 3617 3616
4 3615 3614 3613 3612
4 3611 3610 3609 3608
4 3607 3606 3605 3604
4 3603 3602 3601 3600
4 3599 3598 3597 3596
4 3595 3594 3593 3592
4 3591 3590 3589 3588
4 3587 3586 3585 3584
4 3583 3582 3581 3580
4 3579 3578 3577 3576
4 3575 3574 3573 3572
4 3571 3570 3569 3568
4 3567 3566 3565 3564
4 3563 3562 3561 3560
4 3559 3558 3557 3556
4 3555 3554 3553 3552
4 3551 3550 3549 3548
4 3547 3546 3545 3544
4 3543 3542 3541 3540
4 3539 3538 3537 3536
4 3535 3534 3533 3532
4 3531 3530 3529 3528
4 3527 3526 3525 3524
4 3523 3522 3521 3520
4 3519 3518 3517 3516
4 3515 3514 3513 3512
4 3511 3510 3509 3508
4 3507 3506 3505 3504
4 3503 3502 3501 3500
4 3499 3498 3497 3496
4 3495 3494 3493 3492
4 3491 3490 3489 3488
4 3487 3486 3485 3484
4 3483 3482 3481 3480
4 3479 3478 3477 3476
4 3475 3474 3473 3472
4 3471 3470 3469 3468
4 3467 3466 3465 3464
4 3463 3462 3461 3460
4 3459 3458 3457 3456
4 3455 3454 3453 3452
4 3451 3450 3449 3448
4 3447 3446 3445 3444
4 3443 3442 3441 3440
4 3439 3438 3437 3436
4 3435 3434 3433 3432
4 3431 3430 3429 3428
4 3427 3426 3425 3424
4 3423 3422 3421 3420
4 3419 3418 3417 3416
4 3415 3414 3413 3412
4 3411 3410 3409 3408
4 3407 3406 3405 3404
4 3403 3402 3401 3400
4 3399 3398 3397 3396
4 3395 3394 3393 3392
4 3391 3390 3389 3388
4 3387 3386 3385 3384
4 3383 3382 3381 3380
4 3379 3378 3377 3376
4 3375 3374 3373 3372
4 3371 3370 3369 3368
4 3367 3366 3365 3364
4 3363 3362 3361 3360
4 3359 3358 3357 3356
4 3355 3354 3353 3352
4 3351 3350 3349 3348
4 3347 3346 3345 3344
4 3343 3342 3341 3340
4 3339 3338 3337 3336
4 3335 3334 3333 3332
4 3331 3330 3329 3328
4 3327 3326 3325 3324
4 3323 3322 3321 3320
4 3319 3318 3317 3316
4 3315 3314 3313 3312
4 3311 3310 3309 3308
4 3307 3306 3305 3304
4 3303 3302 3301 3300
4 3299 3298 3297 3296
4 3295 3294 3293 3292
4 3291 3290 3289 3288
4 3287 3286 3285 3284
4 3283 3282 3281 3280
4 3279 3278 3277 3276
4 3275 3274 3273 3272
4 3271 3270 3269 3268
4 3267 3266 3265 3264
4 3263 3262 3261 3260
4 3259 3258 3257 3256
4 3255 3254 3253 3252
4 3251 3250 3249 3248
4 3247 3246 3245 3244
4 3243 3242 3241 3240
4 3239 3238 3237 3236
4 3235 3234 3233 3232
4 3231 3230 3229 3228
4 3227 3226 3225 3224
4 3223 3222 3221 3220
4 3219 3218 3217 3216
4 3215 3214 3213 3212
4 3211 3210 3209 3208
4 3207 3206 3205 3204
4 3203 3202 3201 3200
4 3199 3198 3197 3196
4 3195 3194 3193 3192
4 3191 3190 3189 3188
4 3187 3186 3185 3184
4 3183 3182 3181 3180
4 3179 3178 3177 3176
4 3175 3174 3173 3172
4 3171 3170 3169 3168
4 3167 3166 3165 3164
4 3163 3162 3161 3160
4 3159 3158 3157 3156
4 3155 3154 3153 3152
4 3151 3150 3149 3148
4 3147 3146 3145 3144
4 3143 3142 3141 3140
4 3139 3138 3137 3136
4 3135 3134 3133 3132
4 3131 3130 3129 3128
4 3127 3126 3125 3124
4 3123 3122 3121 3120
4 3119 3118 3117 3116
4 3115 3114 3113 3112
4 3111 3110 3109 3108
4 3107 3106 3105 3104
4 3103 3102 3101 3100
4 3099 3098 3097 3096
4 3095 3094 3093 3092
4 3091 3090 3089 3088
4 3087 3086 3085 3084
4 3083 3082 3081 3080
4 3079 3078 3077 3076
4 3075 3074 3073 3072
4 3071 3070 3069 3068
4 3067 3066 3065 3064
4 3063 3062 3061 3060
4 3059 3058 3057 3056
4 3055 3054 3053 3052
4 3051 3050 3049 3048
4 3047 3046 3045 3044
4 3043 3042 3041 3040
4 3039 3038 3037 3036
4 3035 3034 3033 3032
4 3031 3030 3029 3028
4 3027 3026 3025 3024
4 3023 3022 3021 3020
4 3019 3018 3017 3016
4 3015 3014 3013 3012
4 3011 3010 3009 3008
4 3007 3006 3005 3004
4 3003 3002 3001 3000
4 2999 2998 2997 2996
4 2995 2994 2993 2992
4 2991 2990 2989 2988
4 2987 2986 2985 2984
4 2983 2982 2981 2980
4 2979 2978 2977 2976
4 2975 2974 2973 2972
4 2971 2970 2969 2968
4 2967 2966 2965 2964
4 2963 2962 2961 2960
4 2959 2958 2957 2956
4 2955 2954 2953 2952
4 2951 2950 2949 2948
4 2947 2946 2945 2944
4 2943 2942 2941 2940
4 2939 2938 2937 2936
4 2935 2934 2933 2932
4 2931 2930 2929 2928
4 2927 2926 2925 2924
4 2923 2922 2921 2920
4 2919 2918 2917 2916
4 2915 2914 2913 2912
4 2911 2910 2909 2908
4 2907 2906 2905 2904
4 2903 2902 2901 2900
4 2899 2898 2897 2896
4 2895 2894 2893 2892
4 2891 2890 2889 2888
4 2887 2886 2885 2884
4 2883 2882 2881 2880
4 2879 2878 2877 2876
4 2875 2874 2873 2872
4 2871 2870 2869 2868
4 2867 2866 2865 2864
4 2863 2862 2861 2860
4 2859 2858 2857 2856
4 2855 2854 2853 2852
4 2851 2850 2849 2848
4 2847 2846 2845 2844
4 2843 2842 2841 2840
4 2839 2838 2837 2836
4 2835 2834 2833 2832
4 2831 2830 2829 2828
4 2827 2826 2825 2824
4 2823 2822 2821 2820
4 2819 2818 2817 2816
4 2815 2814 2813 2812
4 2811 2810 2809 2808
4 2807 2806 2805 2804
4 2803 2802 2801 2800
4 2799 2798 2797 2796
4 2795 2794 2793 2792
4 2791 2790 2789 2788
4 2787 2786 2785 2784
4 2783 2782 2781 2780
4 2779 2778 2777 2776
4 2775 2774 2773 2772
4 2771 2770 2769 2768
4 2767 2766 2765 2764
4 2763 2762 2761 2760
4 2759 2758 2757 2756
4 2755 2754 2753 2752
4 2751 2750 2749 2748
4 2747 2746 2745 2744
4 2743 2742 2741 2740
4 2739 2738 2737 2736
4 2735 2734 2733 2732
4 2731 2730 2729 2728
4 2727 2726 2725 2724
4 2723 2722 2721 2720
4 2719 2718 2717 2716
4 2715 2714 2713 2712
4 2711 2710 2709 2708
4 2707 2706 2705 2704
4 2703 2702 2701 2700
4 2699 2698 2697 2696
4 2695 2694 2693 2692
4 2691 2690 2689 2688
4 2687 2686 2685 2684
4 2683 2682 2681 2680
4 2679 2678 2677 2676
4 2675 2674 2673 2672
4 2671 2670 2669 2668
4 2667 2666 2665 2664
4 2663 2662 2661 2660
4 2659 2658 2657 2656
4 2655 2654 2653 2652
4 2651 2650 2649 2648
4 2647 2646 2645 2644
4 2643 2642 2641 2640
4 2639 2638 2637 2636
4 2635 2634 2633 2632
4 2631 2630 2629 2628
4 2627 2626 2625 2624
4 2623 2622 2621 2620
4 2619 2618 2617 2616
4 2615 2614 2613 2612
4 2611 2610 2609 2608
4 2607 2606 2605 2604
4 2603 2602 2601 2600
4 2599 2598 2597 2596
4 2595 2594 2593 2592
4 2591 2590 2589 2588
4 2587 2586 2585 2584
4 2583 2582 2581 2580
4 2579 2578 2577 2576
4 2575 2574 2573 2572
4 2571 2570 2569 2568
4 2567 2566 2565 2564
4 2563 2562 2561 2560
4 2559 2558 2557 2556
4 2555 2554 2553 2552
4 2551 2550 2549 2548
4 2547 2546 2545 2544
4 2543 2542 2541 2540
4 2539 2538 2537 2536
4 2535 2534 2533 2532
4 2531 2530 2529 2528
4 2527 2526 2525 2524
4 2523 2522 2521 2520
4 2519 2518 2517 2516
4 2515 2514 2513 2512
4 2511 2510 2509 2508
4 2507 2506 2505 2504
4 2503 2502 2501 2500
4 2499 2498 2497 2496
4 2495 2494 2493 2492
4 2491 2490 2489 2488
4 2487 2486 2485 2484
4 2483 2482 2481 2480
4 2479 2478 2477 2476
4 2475 2474 2473 2472
4 2471 2470 2469 2468
4 2467 2466 2465 2464
4 2463 2462 2461 2460
4 2459 2458 2457 2456
4 2455 2454 2453 2452
4 2451 2450 2449 2448
4 2447 2446 2445 2444
4 2443 2442 2441 2440
4 2439 2438 2437 2436
4 2435 2434 2433 2432
4 2431 2430 2429 2428
4 2427 2426 2425 2424
4 2423 2422 2421 2420
4 2419 2418 2417 2416
4 2415 2414 2413 2412
4 2411 2410 2409 2408
4 2407 2406 2405 2404
4 2403 2402 2401 2400
4 2399 2398 2397 2396
4 2395 2394 2393 2392
4 2391 2390 2389 2388
4 2387 2386 2385 2384
4 2383 2382 2381 2380
4 2379 2378 2377 2376
4 2375 2374 2373 2372
4 2371 2370 2369 2368
4 2367 2366 2365 2364
4 2363 2362 2361 2360
4 2359 2358 2357 2356
4 2355 2354 2353 2352
4 2351 2350 2349 2348
4 2347 2346 2345 2344
4 2343 2342 2341 2340
4 2339 2338 2337 2336
4 2335 2334 2333 2332
4 2331 2330 2329 2328
4 2327 2326 2325 2324
4 2323 2322 2321 2320
4 2319 2318 2317 2316
4 2315 2314 2313 2312
4 2311 2310 2309 2308
4 2307 2306 2305 2304
4 2303 2302 2301 2300
4 2299 2298 2297 2296
4 2295 2294 2293 2292
4 2291 2290 2289 2288
4 2287 2286 2285 2284
4 2283 2282 2281 2280
4 2279 2278 2277 2276
4 2275 2274 2273 2272
4 2271 2270 2269 2268
4 2267 2266 2265 2264
4 2263 2262 2261 2260
4 2259 2258 2257 2256
4 2255 2254 2253 2252
4 2251 2250 2249 2248
4 2247 2246 2245 2244
4 2243 2242 2241 2240
4 2239 2238 2237 2236
4 2235 2234 2233 2232
4 2231 2230 2229 2228
4 2227 2226 2225 2224
4 2223 2222 2221 2220
4 2219 2218 2217 2216
4 2215 2214 2213 2212
4 2211 2210 2209 2208
4 2207 2206 2205 2204
4 2203 2202 2201 2200
4 2199 2198 2197 2196
4 2195 2194 2193 2192
4 2191 2190 2189 2188
4 2187 2186 2185 2184
4 2183 2182 2181 2180
4 2179 2178 2177 2176
4 2175 2174 2173 2172
4 2171 2170 2169 2168
4 2167 2166 2165 2164
4 2163 2162 2161 2160
4 2159 2158 2157 2156
4 2155 2154 2153 2152
4 2151 2150 2149 2148
4 2147 2146 2145 2144
4 2143 2142 2141 2140
4 2139 2138 2137 2136
4 2135 2134 2133 2132
4 2131 2130 2129 2128
4 2127 2126 2125 2124
4 2123 2122 2121 2120
4 2119 2118 2117 2116
4 2115 2114 2113 2112
4 2111 2110 2109 2108
4 2107 2106 2105 2104
4 2103 2102 2101 2100
4 2099 2098 2097 2096
4 2095 2094 2093 2092
4 2091 2090 2089 2088
4 2087 2086 2085 2084
4 2083 2082 2081 2080
4 2079 2078 2077 2076
4 2075 2074 2073 2072
4 2071 2070 2069 2068
4 2067 2066 2065 2064
4 2063 2062 2061 2060
4 2059 2058 2057 2056
4 2055 2054 2053 2052
4 2051 2050 2049 2048
4 2047 2046 2045 2044
4 2043 2042 2041 2040
4 2039 2038 2037 2036
4 2035 2034 2033 2032
4 2031 2030 2029 2028
4 2027 2026 2025 2024
4 2023 2022 2021 2020
4 2019 2018 2017 2016
4 2015 2014 2013 2012
4 2011 2010 2009 2008
4 2007 2006 2005 2004
4 2003 2002 2001 2000
4 1999 1998 1997 1996
4 1995 1994 1993 1992
4 1991 1990 1989 1988
4 1987 1986 1985 1984
4 1983 1982 1981 1980
4 1979 1978 1977 1976
4 1975 1974 1973 1972
4 1971 1970 1969 1968
4 1967 1966 1965 1964
4 1963 1962 1961 1960
4 1959 1958 1957 1956
4 1955 1954 1953 1952
4 1951 1950 1949 1948
4 1947 1946 1945 1944
4 1943 1942 1941 1940
4 1939 1938 1937 1936
4 1935 1934 1933 1932
4 1931 1930 1929 1928
4 1927 1926 1925 1924
4 1923 1922 1921 1920
4 1919 1918 1917 1916
4 1915 1914 1913 1912
4 1911 1910 1909 1908
4 1907 1906 1905 1904
4 1903 1902 1901 1900
4 1899 1898 1897 1896
4 1895 1894 1893 1892
4 1891 1890 1889 1888
4 1887 1886 1885 1884
4 1883 1882 1881 1880
4 1879 1878 1877 1876
4 1875 1874 1873 1872
4 1871 1870 1869 1868
4 1867 1866 1865 1864
4 1863 1862 1861 1860
4 1859 1858 1857 1856
4 1855 1854 1853 1852
4 1851 1850 1849 1848
4 1847 1846 1845 1844
4 1843 1842 1841 1840
4 1839 1838 1837 1836
4 1835 1834 1833 1832
4 1831 1830 1829 1828
4 1827 1826 1825 1824
4 1823 1822 1821 1820
4 1819 1818 1817 1816
4 1815 1814 1813 1812
4 1811 1810 1809 1808
4 1807 1806 1805 1804
4 1803 1802 1801 1800
4 1799 1798 1797 1796
4 1795 1794 1793 1792
4 1791 1790 1789 1788
4 1787 1786 1785 1784
4 1783 1782 1781 1780
4 1779 1778 1777 1776
4 1775 1774 1773 1772
4 1771 1770 1769 1768
4 1767 1766 1765 1764
4 1763 1762 1761 1760
4 1759 1758 1757 1756
4 1755 1754 1753 1752
4 1751 1750 1749 1748
4 1747 1746 1745 1744
4 1743 1742 1741 1740
4 1739 1738 1737 1736
4 1735 1734 1733 1732
4 1731 1730 1729 1728
4 1727 1726 1725 1724
4 1723 1722 1721 1720
4 1719 1718 1717 1716
4 1715 1714 1713 1712
4 1711 1710 1709 1708
4 1707 1706 1705 1704
4 1703 1702 1701 1700
4 1699 1698 1697 1696
4 1695 1694 1693 1692
4 1691 1690 1689 1688
4 1687 1686 1685 1684
4 1683 1682 1681 1680
4 1679 1678 1677 1676
4 1675 1674 1673 1672
4 1671 1670 1669 1668
4 1667 1666 1665 1664
4 1663 1662 1661 1660
4 1659 1658 1657 1656
4 1655 1654 1653 1652
4 1651 1650 1649 1648
4 1647 1646 1645 1644
4 1643 1642 1641 1640
4 1639 1638 1637 1636
4 1635 1634 1633 1632
4 1631 1630 1629 1628
4 1627 1626 1625 1624
4 1623 1622 1621 1620
4 1619 1618 1617 1616
4 1615 1614 1613 1612
4 1611 1610 1609 1608
4 1607 1606 1605 1604
4 1603 1602 1601 1600
4 1599 1598 1597 1596
4 1595 1594 1593 1592
4 1591 1590 1589 1588
4 1587 1586 1585 1584
4 1583 1582 1581 1580
4 1579 1578 1577 1576
4 1575 1574 1573 1572
4 1571 1570 1569 1568
4 1567 1566 1565 1564
4 1563 1562 1561 1560
4 1559 1558 1557 1556
4 1555 1554 1553 1552
4 1551 1550 1549 1548
4 1547 1546 1545 1544
4 1543 1542 1541 1540
4 1539 1538 1537 1536
4 1535 1534 1533 1532
4 1531 1530 1529 1528
4 1527 1526 1525 1524
4 1523 1522 1521 1520
4 1519 1518 1517 1516
4 1515 1514 1513 1512
4 1511 1510 1509 1508
4 1507 1506 1505 1504
4 1503 1502 1501 1500
4 1499 1498 1497 1496
4 1495 1494 1493 1492
4 1491 1490 1489 1488
4 1487 1486 1485 1484
4 1483 1482 1481 1480
4 1479 1478 1477 1476
4 1475 1474 1473 1472
4 1471 1470 1469 1468
4 1467 1466 1465 1464
4 1463 1462 1461 1460
4 1459 1458 1457 1456
4 1455 1454 1453 1452
4 1451 1450 1449 1448
4 1447 1446 1445 1444
4 1443 1442 1441 1440
4 1439 1438 1437 1436
4 1435 1434 1433 1432
4 1431 1430 1429 1428
4 1427 1426 1425 1424
4 1423 1422 1421 1420
4 1419 1418 1417 1416
4 1415 1414 1413 1412
4 1411 1410 1409 1408
4 1407 1406 1405 1404
4 1403 1402 1401 1400
4 1399 1398 1397 1396
4 1395 1394 1393 1392
4 1391 1390 1389 1388
4 1387 1386 1385 1384
4 1383 1382 1381 1380
4 1379 1378 1377 1376
4 1375 1374 1373 1372
4 1371 1370 1369 1368
4 1367 1366 1365 1364
4 1363 1362 1361 1360
4 1359 1358 1357 1356
4 1355 1354 1353 1352
4 1351 1350 1349 1348
4 1347 1346 1345 1344
4 1343 1342 1341 1340
4 1339 1338 1337 1336
4 1335 1334 1333 1332
4 1331 1330 1329 1328
4 1327 1326 1325 1324
4 1323 1322 1321 1320
4 1319 1318 1317 1316
4 1315 1314 1313 1312
4 1311 1310 1309 1308
4 1307 1306 1305 1304
4 1303 1302 1301 1300
4 1299 1298 1297 1296
4 1295 1294 1293 1292
4 1291 1290 1289 1288
4 1287 1286 1285 1284
4 1283 1282 1281 1280
4 1279 1278 1277 1276
4 1275 1274 1273 1272
4 1271 1270 1269 1268
4 1267 1266 1265 1264
4 1263 1262 1261 1260
4 1259 1258 1257 1256
4 1255 1254 1253 1252
4 1251 1250 1249 1248
4 1247 1246 1245 1244
4 1243 1242 1241 1240
4 1239 1238 1237 1236
4 1235 1234 1233 1232
4 1231 1230 1229 1228
4 1227 1226 1225 1224
4 1223 1222 1221 1220
4 1219 1218 1217 1216
4 1215 1214 1213 1212
4 1211 1210 1209 1208
4 1207 1206 1205 1204
4 1203 1202 1201 1200
4 1199 1198 1197 1196
4 1195 1194 1193 1192
4 1191 1190 1189 1188
4 1187 1186 1185 1184
4 1183 1182 1181 1180
4 1179 1178 1177 1176
4 1175 1174 1173 1172
4 1171 1170 1169 1168
4 1167 1166 1165 1164
4 1163 1162 1161 1160
4 1159 1158 1157 1156
4 1155 1154 1153 1152
4 1151 1150 1149 1148
4 1147 1146 1145 1144
4 1143 1142 1141 1140
4 1139 1138 1137 1136
4 1135 1134 1133 1132
4 1131 1130 1129 1128
4 1127 1126 1125 1124
4 1123 1122 1121 1120
4 1119 1118 1117 1116
4 1115 1114 1113 1112
4 1111 1110 1109 1108
4 1107 1106 1105 1104
4 1103 1102 1101 1100
4 1099 1098 1097 1096
4 1095 1094 1093 1092
4 1091 1090 1089 1088
4 1087 1086 1085 1084
4 1083 1082 1081 1080
4 1079 1078 1077 1076
4 1075 1074 1073 1072
4 1071 1070 1069 1068
4 1067 1066 1065 1064
4 1063 1062 1061 1060
4 1059 1058 1057 1056
4 1055 1054 1053 1052
4 1051 1050 1049 1048
4 1047 1046 1045 1044
4 1043 1042 1041 1040
4 1039 1038 1037 1036
4 1035 1034 1033 1032
4 1031 1030 1029 1028
4 1027 1026 1025 1024
4 1023 1022 1021 1020
4 1019 1018 1017 1016
4 1015 1014 1013 1012
4 1011 1010 1009 1008
4 1007 1006 1005 1004
4 1003 1002 1001 1000
4 999 998 997 996
4 995 994 993 992
4 991 990 989 988
4 987 986 985 984
4 983 982 981 980
4 979 978 977 976
4 975 974 973 972
4 971 970 969 968
4 967 966 965 964
4 963 962 961 960
4 959 958 957 956
4 955 954 953 952
4 951 950 949 948
4 947 946 945 944
4 943 942 941 940
4 939 938 937 936
4 935 934 933 932
4 931 930 929 928
4 927 926 925 924
4 923 922 921 920
4 919 918 917 916
4 915 914 913 912
4 911 910 909 908
4 907 906 905 904
4 903 902 901 900
4 899 898 897 896
4 895 894 893 892
4 891 890 889 888
4 887 886 885 884
4 883 882 881 880
4 879 878 877 876
4 875 874 873 872
4 871 870 869 868
4 867 866 865 864
4 863 862 861 860
4 859 858 857 856
4 855 854 853 852
4 851 850 849 848
4 847 846 845 844
4 843 842 841 840
4 839 838 837 836
4 835 834 833 832
4 831 830 829 828
4 827 826 825 824
4 823 822 821 820
4 819 818 817 816
4 815 814 813 812
4 811 810 809 808
4 807 806 805 804
4 803 802 801 800
4 799 798 797 796
4 795 794 793 792
4 791 790 789 788
4 787 786 785 784
4 783 782 781 780
4 779 778 777 776
4 775 774 773 772
4 771 770 769 768
4 767 766 765 764
4 763 762 761 760
4 759 758 757 756
4 755 754 753 752
4 751 750 749 748
4 747 746 745 744
4 743 742 741 740
4 739 738 737 736
4 735 734 733 732
4 731 730 729 728
4 727 726 725 724
4 723 722 721 720
4 719 718 717 716
4 715 714 713 712
4 711 710 709 708
4 707 706 705 704
4 703 702 701 700
4 699 698 697 696
4 695 694 693 692
4 691 690 689 688
4 687 686 685 684
4 683 682 681 680
4 679 678 677 676
4 675 674 673 672
4 671 670 669 668
4 667 666 665 664
4 663 662 661 660
4 659 658 657 656
4 655 654 653 652
4 651 650 649 648
4 647 646 645 644
4 643 642 641 640
4 639 638 637 636
4 635 634 633 632
4 631 630 629 628
4 627 626 625 624
4 623 622 621 620
4 619 618 617 616
4 615 614 613 612
4 611 610 609 608
4 607 606 605 604
4 603 602 601 600
4 599 598 597 596
4 595 594 593 592
4 591 590 589 588
4 587 586 585 584
4 583 582 581 580
4 579 578 577 576
4 575 574 573 572
4 571 570 569 568
4 567 566 565 564
4 563 562 561 560
4 559 558 557 556
4 555 554 553 552
4 551 550 549 548
4 547 546 545 544
4 543 542 541 540
4 539 538 537 536
4 535 534 533 532
4 531 530 529 528
4 527 526 525 524
4 523 522 521 520
4 519 518 517 516
4 515 514 513 512
4 511 510 509 508
4 507 506 505 504
4 503 502 501 500
4 499 498 497 496
4 495 494 493 492
4 491 490 489 488
4 487 486 485 484
4 483 482 481 480
4 479 478 477 476
4 475 474 473 472
4 471 470 469 468
4 467 466 465 464
4 463 462 461 460
4 459 458 457 456
4 455 454 453 452
4 451 450 449 448
4 447 446 445 444
4 443 442 441 440
4 439 438 437 436
4 435 434 433 432
4 431 430 429 428
4 427 426 425 424
4 423 422 421 420
4 419 418 417 416
4 415 414 413 412
4 411 410 409 408
4 407 406 405 404
4 403 402 401 400
4 399 398 397 396
4 395 394 393 392
4 391 390 389 388
4 387 386 385 384
4 383 382 381 380
4 379 378 377 376
4 375 374 373 372
4 371 370 369 368
4 367 366 365 364
4 363 362 361 360
4 359 358 357 356
4 355 354 353 352
4 351 350 349 348
4 347 346 345 344
4 343 342 341 340
4 339 338 337 336
4 335 334 333 332
4 331 330 329 328
4 327 326 325 324
4 323 322 321 320
4 319 318 317 316
4 315 314 313 312
4 311 310 309 308
4 307 306 305 304
4 303 302 301 300
4 299 298 297 296
4 295 294 293 292
4 291 290 289 288
4 287 286 285 284
4 283 282 281 280
4 279 278 277 276
4 275 274 273 272
4 271 270 269 268
4 267 266 265 264
4 263 262 261 260
4 259 258 257 256
4 255 254 253 252
4 251 250 249 248
4 247 246 245 244
4 243 242 241 240
4 239 238 237 236
4 235 234 233 232
4 231 230 229 228
4 227 226 225 224
4 223 222 221 220
4 219 218 217 216
4 215 214 213 212
4 211 210 209 208
4 207 206 205 204
4 203 202 201 200
4 199 198 197 196
4 195 194 193 192
4 191 190 189 188
4 187 186 185 184
4 183 182 181 180
4 179 178 177 176
4 175 174 173 172
4 171 170 169 168
4 167 166 165 164
4 163 162 161 160
4 159 158 157 156
4 155 154 153 152
4 151 150 149 148
4 147 146 145 144
4 143 142 141 140
4 139 138 137 136
4 135 134 133 132
4 131 130 129 128
4 127 126 125 124
4 123 122 121 120
4 119 118 117 116
4 115 114 113 112
4 111 110 109 108
4 107 106 105 104
4 103 102 101 100
4 99 98 97 96
4 95 94 93 92
4 91 90 89 88
4 87 86 85 84
4 83 82 81 80
4 79 78 77 76
4 75 74 73 72
4 71 70 69 68
4 67 66 65 64
4 63 62 61 60
4 59 58 57 56
4 55 54 53 52
4 51 50 49 48
4 47 46 45 44
4 43 42 41 40
4 39 38 37 36
4 35 34 33 32
4 31 30 29 28
4 27 26 25 24
4 23 22 21 20
4 19 18 17 16
4 15 14 13 12
4 11 10 9 8
4 7 6 5 4
4 3 2 1 0
