1628
4 9999 9998 9997 9996
4 9995 9994 9993 9992
4 9991 9990 9989 9988
4 9987 9986 9985 9984
4 9983 9982 9981 9980
4 9979 9978 9977 9976
4 9975 9974 9973 9972
4 9971 9970 9969 9968
4 9967 9966 9965 9964
4 9963 9962 9961 9960
4 9959 9958 9957 9956
4 9955 9954 9953 9952
4 9951 9950 9949 9948
4 9947 9946 9945 9944
4 9943 9942 9941 9940
4 9939 9938 9937 9936
4 9935 9934 9933 9932
4 9931 9930 9929 9928
4 9927 9926 9925 9924
4 9923 9922 9921 9920
4 9919 9918 9917 9916
4 9915 9914 9913 9912
4 9911 9910 9909 9908
4 9907 9906 9905 9904
4 9903 9902 9901 9900
4 9899 9898 9897 9896
4 9895 9894 9893 9892
4 9891 9890 9889 9888
4 9887 9886 9885 9884
4 9883 9882 9881 9880
4 9879 9878 9877 9876
4 9875 9874 9873 9872
4 9871 9870 9869 9868
4 9867 9866 9865 9864
4 9863 9862 9861 9860
4 9859 9858 9857 9856
4 9855 9854 9853 9852
4 9851 9850 9849 9848
4 9847 9846 9845 9844
4 9843 9842 9841 9840
4 9839 9838 9837 9836
4 9835 9834 9833 9832
4 9831 9830 9829 9828
4 9827 9826 9825 9824
4 9823 9822 9821 9820
4 9819 9818 9817 9816
4 9815 9814 9813 9812
4 9811 9810 9809 9808
4 9807 9806 9805 9804
4 9803 9802 9801 9800
4 9799 9798 9797 9796
4 9795 9794 9793 9792
4 9791 9790 9789 9788
4 9787 9786 9785 9784
4 9783 9782 9781 9780
4 9779 9778 9777 9776
4 9775 9774 9773 9772
4 9771 9770 9769 9768
4 9767 9766 9765 9764
4 9763 9762 9761 9760
4 9759 9758 9757 9756
4 9755 9754 9753 9752
4 9751 9750 9749 9748
4 9747 9746 9745 9744
4 9743 9742 9741 9740
4 9739 9738 9737 9736
4 9735 9734 9733 9732
4 9731 9730 9729 9728
4 9727 9726 9725 9724
4 9723 9722 9721 9720
4 9719 9718 9717 9716
4 9715 9714 9713 9712
4 9711 9710 9709 9708
4 9707 9706 9705 9704
4 9703 9702 9701 9700
4 9699 9698 9697 9696
4 9695 9694 9693 9692
4 9691 9690 9689 9688
4 9687 9686 9685 9684
4 9683 9682 9681 9680
4 9679 9678 9677 9676
4 9675 9674 9673 9672
4 9671 9670 9669 9668
4 9667 9666 9665 9664
4 9663 9662 9661 9660
4 9659 9658 9657 9656
4 9655 9654 9653 9652
4 9651 9650 9649 9648
4 9647 9646 9645 9644
4 9643 9642 9641 9640
4 9639 9638 9637 9636
4 9635 9634 9633 9632
4 9631 9630 9629 9628
4 9627 9626 9625 9624
4 9623 9622 9621 9620
4 9619 9618 9617 9616
4 9615 9614 9613 9612
4 9611 9610 9609 9608
4 9607 9606 9605 9604
4 9603 9602 9601 9600
4 9599 9598 9597 9596
4 9595 9594 9593 9592
4 9591 9590 9589 9588
4 9587 9586 9585 9584
4 9583 9582 9581 9580
4 9579 9578 9577 9576
4 9575 9574 9573 9572
4 9571 9570 9569 9568
4 9567 9566 9565 9564
4 9563 9562 9561 9560
4 9559 9558 9557 9556
4 9555 9554 9553 9552
4 9551 9550 9549 9548
4 9547 9546 9545 9544
4 9543 9542 9541 9540
4 9539 9538 9537 9536
4 9535 9534 9533 9532
4 9531 9530 9529 9528
4 9527 9526 9525 9524
4 9523 9522 9521 9520
4 9519 9518 9517 9516
4 9515 9514 9513 9512
4 9511 9510 9509 9508
4 9507 9506 9505 9504
4 9503 9502 9501 9500
4 9499 9498 9497 9496
4 9495 9494 9493 9492
4 9491 9490 9489 9488
4 9487 9486 9485 9484
4 9483 9482 9481 9480
4 9479 9478 9477 9476
4 9475 9474 9473 9472
4 9471 9470 9469 9468
4 9467 9466 9465 9464
4 9463 9462 9461 9460
4 9459 9458 9457 9456
4 9455 9454 9453 9452
4 9451 9450 9449 9448
4 9447 9446 9445 9444
4 9443 9442 9441 9440
4 9439 9438 9437 9436
4 9435 9434 9433 9432
4 9431 9430 9429 9428
4 9427 9426 9425 9424
4 9423 9422 9421 9420
4 9419 9418 9417 9416
4 9415 9414 9413 9412
4 9411 9410 9409 9408
4 9407 9406 9405 9404
4 9403 9402 9401 9400
4 9399 9398 9397 9396
4 9395 9394 9393 9392
4 9391 9390 9389 9388
4 9387 9386 9385 9384
4 9383 9382 9381 9380
4 9379 9378 9377 9376
4 9375 9374 9373 9372
4 9371 9370 9369 9368
4 9367 9366 9365 9364
4 9363 9362 9361 9360
4 9359 9358 9357 9356
4 9355 9354 9353 9352
4 9351 9350 9349 9348
4 9347 9346 9345 9344
4 9343 9342 9341 9340
4 9339 9338 9337 9336
4 9335 9334 9333 9332
4 9331 9330 9329 9328
4 9327 9326 9325 9324
4 9323 9322 9321 9320
4 9319 9318 9317 9316
4 9315 9314 9313 9312
4 9311 9310 9309 9308
4 9307 9306 9305 9304
4 9303 9302 9301 9300
4 9299 9298 9297 9296
4 9295 9294 9293 9292
4 9291 9290 9289 9288
4 9287 9286 9285 9284
4 9283 9282 9281 9280
4 9279 9278 9277 9276
4 9275 9274 9273 9272
4 9271 9270 9269 9268
4 9267 9266 9265 9264
4 9263 9262 9261 9260
4 9259 9258 9257 9256
4 9255 9254 9253 9252
4 9251 9250 9249 9248
4 9247 9246 9245 9244
4 9243 9242 9241 9240
4 9239 9238 9237 9236
4 9235 9234 9233 9232
4 9231 9230 9229 9228
4 9227 9226 9225 9224
4 9223 9222 9221 9220
4 9219 9218 9217 9216
4 9215 9214 9213 9212
4 9211 9210 9209 9208
4 9207 9206 9205 9204
4 9203 9202 9201 9200
4 9199 9198 9197 9196
4 9195 9194 9193 9192
4 9191 9190 9189 9188
4 9187 9186 9185 9184
4 9183 9182 9181 9180
4 9179 9178 9177 9176
4 9175 9174 9173 9172
4 9171 9170 9169 9168
4 9167 9166 9165 9164
4 9163 9162 9161 9160
4 9159 9158 9157 9156
4 9155 9154 9153 9152
4 9151 9150 9149 9148
4 9147 9146 9145 9144
4 9143 9142 9141 9140
4 9139 9138 9137 9136
4 9135 9134 9133 9132
4 9131 9130 9129 9128
4 9127 9126 9125 9124
4 9123 9122 9121 9120
4 9119 9118 9117 9116
4 9115 9114 9113 9112
4 9111 9110 9109 9108
4 9107 9106 9105 9104
4 9103 9102 9101 9100
4 9099 9098 9097 9096
4 9095 9094 9093 9092
4 9091 9090 9089 9088
4 9087 9086 9085 9084
4 9083 9082 9081 9080
4 9079 9078 9077 9076
4 9075 9074 9073 9072
4 9071 9070 9069 9068
4 9067 9066 9065 9064
4 9063 9062 9061 9060
4 9059 9058 9057 9056
4 9055 9054 9053 9052
4 9051 9050 9049 9048
4 9047 9046 9045 9044
4 9043 9042 9041 9040
4 9039 9038 9037 9036
4 9035 9034 9033 9032
4 9031 9030 9029 9028
4 9027 9026 9025 9024
4 9023 9022 9021 9020
4 9019 9018 9017 9016
4 9015 9014 9013 9012
4 9011 9010 9009 9008
4 9007 9006 9005 9004
4 9003 9002 9001 9000
4 8999 8998 8997 8996
4 8995 8994 8993 8992
4 8991 8990 8989 8988
4 8987 8986 8985 8984
4 8983 8982 8981 8980
4 8979 8978 8977 8976
4 8975 8974 8973 8972
4 8971 8970 8969 8968
4 8967 8966 8965 8964
4 8963 8962 8961 8960
4 8959 8958 8957 8956
4 8955 8954 8953 8952
4 8951 8950 8949 8948
4 8947 8946 8945 8944
4 8943 8942 8941 8940
4 8939 8938 8937 8936
4 8935 8934 8933 8932
4 8931 8930 8929 8928
4 8927 8926 8925 8924
4 8923 8922 8921 8920
4 8919 8918 8917 8916
4 8915 8914 8913 8912
4 8911 8910 8909 8908
4 8907 8906 8905 8904
4 8903 8902 8901 8900
4 8899 8898 8897 8896
4 8895 8894 8893 8892
4 8891 8890 8889 8888
4 8887 8886 8885 8884
4 8883 8882 8881 8880
4 8879 8878 8877 8876
4 8875 8874 8873 8872
4 8871 8870 8869 8868
4 8867 8866 8865 8864
4 8863 8862 8861 8860
4 8859 8858 8857 8856
4 8855 8854 8853 8852
4 8851 8850 8849 8848
4 8847 8846 8845 8844
4 8843 8842 8841 8840
4 8839 8838 8837 8836
4 8835 8834 8833 8832
4 8831 8830 8829 8828
4 8827 8826 8825 8824
4 8823 8822 8821 8820
4 8819 8818 8817 8816
4 8815 8814 8813 8812
4 8811 8810 8809 8808
4 8807 8806 8805 8804
4 8803 8802 8801 8800
4 8799 8798 8797 8796
4 8795 8794 8793 8792
4 8791 8790 8789 8788
4 8787 8786 8785 8784
4 8783 8782 8781 8780
4 8779 8778 8777 8776
4 8775 8774 8773 8772
4 8771 8770 8769 8768
4 8767 8766 8765 8764
4 8763 8762 8761 8760
4 8759 8758 8757 8756
4 8755 8754 8753 8752
4 8751 8750 8749 8748
4 8747 8746 8745 8744
4 8743 8742 8741 8740
4 8739 8738 8737 8736
4 8735 8734 8733 8732
4 8731 8730 8729 8728
4 8727 8726 8725 8724
4 8723 8722 8721 8720
4 8719 8718 8717 8716
4 8715 8714 8713 8712
4 8711 8710 8709 8708
4 8707 8706 8705 8704
4 8703 8702 8701 8700
4 8699 8698 8697 8696
4 8695 8694 8693 8692
4 8691 8690 8689 8688
4 8687 8686 8685 8684
4 8683 8682 8681 8680
4 8679 8678 8677 8676
4 8675 8674 8673 8672
4 8671 8670 8669 8668
4 8667 8666 8665 8664
4 8663 8662 8661 8660
4 8659 8658 8657 8656
4 8655 8654 8653 8652
4 8651 8650 8649 8648
4 8647 8646 8645 8644
4 8643 8642 8641 8640
4 8639 8638 8637 8636
4 8635 8634 8633 8632
4 8631 8630 8629 8628
4 8627 8626 8625 8624
4 8623 8622 8621 8620
4 8619 8618 8617 8616
4 8615 8614 8613 8612
4 8611 8610 8609 8608
4 8607 8606 8605 8604
4 8603 8602 8601 8600
4 8599 8598 8597 8596
4 8595 8594 8593 8592
4 8591 8590 8589 8588
4 8587 8586 8585 8584
4 8583 8582 8581 8580
4 8579 8578 8577 8576
4 8575 8574 8573 8572
4 8571 8570 8569 8568
4 8567 8566 8565 8564
4 8563 8562 8561 8560
4 8559 8558 8557 8556
4 8555 8554 8553 8552
4 8551 8550 8549 8548
4 8547 8546 8545 8544
4 8543 8542 8541 8540
4 8539 8538 8537 8536
4 8535 8534 8533 8532
4 8531 8530 8529 8528
4 8527 8526 8525 8524
4 8523 8522 8521 8520
4 8519 8518 8517 8516
4 8515 8514 8513 8512
4 8511 8510 8509 8508
4 8507 8506 8505 8504
4 8503 8502 8501 8500
4 8499 8498 8497 8496
4 8495 8494 8493 8492
4 8491 8490 8489 8488
4 8487 8486 8485 8484
4 8483 8482 8481 8480
4 8479 8478 8477 8476
4 8475 8474 8473 8472
4 8471 8470 8469 8468
4 8467 8466 8465 8464
4 8463 8462 8461 8460
4 8459 8458 8457 8456
4 8455 8454 8453 8452
4 8451 8450 8449 8448
4 8447 8446 8445 8444
4 8443 8442 8441 8440
4 8439 8438 8437 8436
4 8435 8434 8433 8432
4 8431 8430 8429 8428
4 8427 8426 8425 8424
4 8423 8422 8421 8420
4 8419 8418 8417 8416
4 8415 8414 8413 8412
4 8411 8410 8409 8408
4 8407 8406 8405 8404
4 8403 8402 8401 8400
4 8399 8398 8397 8396
4 8395 8394 8393 8392
4 8391 8390 8389 8388
4 8387 8386 8385 8384
4 8383 8382 8381 8380
4 8379 8378 8377 8376
4 8375 8374 8373 8372
4 8371 8370 8369 8368
4 8367 8366 8365 8364
4 8363 8362 8361 8360
4 8359 8358 8357 8356
4 8355 8354 8353 8352
4 8351 8350 8349 8348
4 8347 8346 8345 8344
4 8343 8342 8341 8340
4 8339 8338 8337 8336
4 8335 8334 8333 8332
4 8331 8330 8329 8328
4 8327 8326 8325 8324
4 8323 8322 8321 8320
4 8319 8318 8317 8316
4 8315 8314 8313 8312
4 8311 8310 8309 8308
4 8307 8306 8305 8304
4 8303 8302 8301 8300
4 8299 8298 8297 8296
4 8295 8294 8293 8292
4 8291 8290 8289 8288
4 8287 8286 8285 8284
4 8283 8282 8281 8280
4 8279 8278 8277 8276
4 8275 8274 8273 8272
4 8271 8270 8269 8268
4 8267 8266 8265 8264
4 8263 8262 8261 8260
4 8259 8258 8257 8256
4 8255 8254 8253 8252
4 8251 8250 8249 8248
4 8247 8246 8245 8244
4 8243 8242 8241 8240
4 8239 8238 8237 8236
4 8235 8234 8233 8232
4 8231 8230 8229 8228
4 8227 8226 8225 8224
4 8223 8222 8221 8220
4 8219 8218 8217 8216
4 8215 8214 8213 8212
4 8211 8210 8209 8208
4 8207 8206 8205 8204
4 8203 8202 8201 8200
4 8199 8198 8197 8196
4 8195 8194 8193 8192
4 8191 8190 8189 8188
4 8187 8186 8185 8184
4 8183 8182 8181 8180
4 8179 8178 8177 8176
4 8175 8174 8173 8172
4 8171 8170 8169 8168
4 8167 8166 8165 8164
4 8163 8162 8161 8160
4 8159 8158 8157 8156
4 8155 8154 8153 8152
4 8151 8150 8149 8148
4 8147 8146 8145 8144
4 8143 8142 8141 8140
4 8139 8138 8137 8136
4 8135 8134 8133 8132
4 8131 8130 8129 8128
4 8127 8126 8125 8124
4 8123 8122 8121 8120
4 8119 8118 8117 8116
4 8115 8114 8113 8112
4 8111 8110 8109 8108
4 8107 8106 8105 8104
4 8103 8102 8101 8100
4 8099 8098 8097 8096
4 8095 8094 8093 8092
4 8091 8090 8089 8088
4 8087 8086 8085 8084
4 8083 8082 8081 8080
4 8079 8078 8077 8076
4 8075 8074 8073 8072
4 8071 8070 8069 8068
4 8067 8066 8065 8064
4 8063 8062 8061 8060
4 8059 8058 8057 8056
4 8055 8054 8053 8052
4 8051 8050 8049 8048
4 8047 8046 8045 8044
4 8043 8042 8041 8040
4 8039 8038 8037 8036
4 8035 8034 8033 8032
4 8031 8030 8029 8028
4 8027 8026 8025 8024
4 8023 8022 8021 8020
4 8019 8018 8017 8016
4 8015 8014 8013 8012
4 8011 8010 8009 8008
4 8007 8006 8005 8004
4 8003 8002 8001 8000
4 7999 7998 7997 7996
4 7995 7994 7993 7992
4 7991 7990 7989 7988
4 7987 7986 7985 7984
4 7983 7982 7981 7980
4 7979 7978 7977 7976
4 7975 7974 7973 7972
4 7971 7970 7969 7968
4 7967 7966 7965 7964
4 7963 7962 7961 7960
4 7959 7958 7957 7956
4 7955 7954 7953 7952
4 7951 7950 7949 7948
4 7947 7946 7945 7944
4 7943 7942 7941 7940
4 7939 7938 7937 7936
4 7935 7934 7933 7932
4 7931 7930 7929 7928
4 7927 7926 7925 7924
4 7923 7922 7921 7920
4 7919 7918 7917 7916
4 7915 7914 7913 7912
4 7911 7910 7909 7908
4 7907 7906 7905 7904
4 7903 7902 7901 7900
4 7899 7898 7897 7896
4 7895 7894 7893 7892
4 7891 7890 7889 7888
4 7887 7886 7885 7884
4 7883 7882 7881 7880
4 7879 7878 7877 7876
4 7875 7874 7873 7872
4 7871 7870 7869 7868
4 7867 7866 7865 7864
4 7863 7862 7861 7860
4 7859 7858 7857 7856
4 7855 7854 7853 7852
4 7851 7850 7849 7848
4 7847 7846 7845 7844
4 7843 7842 7841 7840
4 7839 7838 7837 7836
4 7835 7834 7833 7832
4 7831 7830 7829 7828
4 7827 7826 7825 7824
4 7823 7822 7821 7820
4 7819 7818 7817 7816
4 7815 7814 7813 7812
4 7811 7810 7809 7808
4 7807 7806 7805 7804
4 7803 7802 7801 7800
4 7799 7798 7797 7796
4 7795 7794 7793 7792
4 7791 7790 7789 7788
4 7787 7786 7785 7784
4 7783 7782 7781 7780
4 7779 7778 7777 7776
4 7775 7774 7773 7772
4 7771 7770 7769 7768
4 7767 7766 7765 7764
4 7763 7762 7761 7760
4 7759 7758 7757 7756
4 7755 7754 7753 7752
4 7751 7750 7749 7748
4 7747 7746 7745 7744
4 7743 7742 7741 7740
4 7739 7738 7737 7736
4 7735 7734 7733 7732
4 7731 7730 7729 7728
4 7727 7726 7725 7724
4 7723 7722 7721 7720
4 7719 7718 7717 7716
4 7715 7714 7713 7712
4 7711 7710 7709 7708
4 7707 7706 7705 7704
4 7703 7702 7701 7700
4 7699 7698 7697 7696
4 7695 7694 7693 7692
4 7691 7690 7689 7688
4 7687 7686 7685 7684
4 7683 7682 7681 7680
4 7679 7678 7677 7676
4 7675 7674 7673 7672
4 7671 7670 7669 7668
4 7667 7666 7665 7664
4 7663 7662 7661 7660
3 7659 7658 7657
3 7656 7655 7654
3 7653 7652 7651
3 7650 7649 7648
3 7647 7646 7645
3 7644 7643 7642
3 7641 7640 7639
3 7638 7637 7636
3 7635 7634 7633
3 7632 7631 7630
3 7629 7628 7627
3 7626 7625 7624
3 7623 7622 7621
3 7620 7619 7618
3 7617 7616 7615
3 7614 7613 7612
3 7611 7610 7609
3 7608 7607 7606
3 7605 7604 7603
3 7602 7601 7600
3 7599 7598 7597
3 7596 7595 7594
3 7593 7592 7591
3 7590 7589 7588
3 7587 7586 7585
3 7584 7583 7582
3 7581 7580 7579
3 7578 7577 7576
3 7575 7574 7573
3 7572 7571 7570
3 7569 7568 7567
3 7566 7565 7564
3 7563 7562 7561
3 7560 7559 7558
3 7557 7556 7555
3 7554 7553 7552
3 7551 7550 7549
3 7548 7547 7546
3 7545 7544 7543
3 7542 7541 7540
3 7539 7538 7537
3 7536 7535 7534
3 7533 7532 7531
3 7530 7529 7528
3 7527 7526 7525
3 7524 7523 7522
3 7521 7520 7519
3 7518 7517 7516
3 7515 7514 7513
3 7512 7511 7510
3 7509 7508 7507
3 7506 7505 7504
3 7503 7502 7501
3 7500 7499 7498
3 7497 7496 7495
3 7494 7493 7492
3 7491 7490 7489
3 7488 7487 7486
3 7485 7484 7483
3 7482 7481 7480
3 7479 7478 7477
3 7476 7475 7474
3 7473 7472 7471
3 7470 7469 7468
3 7467 7466 7465
3 7464 7463 7462
3 7461 7460 7459
3 7458 7457 7456
3 7455 7454 7453
3 7452 7451 7450
3 7449 7448 7447
3 7446 7445 7444
3 7443 7442 7441
3 7440 7439 7438
3 7437 7436 7435
3 7434 7433 7432
3 7431 7430 7429
3 7428 7427 7426
3 7425 7424 7423
3 7422 7421 7420
3 7419 7418 7417
3 7416 7415 7414
3 7413 7412 7411
3 7410 7409 7408
3 7407 7406 7405
3 7404 7403 7402
3 7401 7400 7399
3 7398 7397 7396
3 7395 7394 7393
3 7392 7391 7390
3 7389 7388 7387
3 7386 7385 7384
3 7383 7382 7381
3 7380 7379 7378
3 7377 7376 7375
3 7374 7373 7372
3 7371 7370 7369
3 7368 7367 7366
3 7365 7364 7363
3 7362 7361 7360
3 7359 7358 7357
3 7356 7355 7354
3 7353 7352 7351
3 7350 7349 7348
3 7347 7346 7345
3 7344 7343 7342
3 7341 7340 7339
3 7338 7337 7336
3 7335 7334 7333
3 7332 7331 7330
3 7329 7328 7327
3 7326 7325 7324
3 7323 7322 7321
3 7320 7319 7318
3 7317 7316 7315
3 7314 7313 7312
3 7311 7310 7309
3 7308 7307 7306
3 7305 7304 7303
3 7302 7301 7300
3 7299 7298 7297
3 7296 7295 7294
3 7293 7292 7291
3 7290 7289 7288
3 7287 7286 7285
3 7284 7283 7282
3 7281 7280 7279
3 7278 7277 7276
3 7275 7274 7273
3 7272 7271 7270
3 7269 7268 7267
3 7266 7265 7264
3 7263 7262 7261
3 7260 7259 7258
3 7257 7256 7255
3 7254 7253 7252
3 7251 7250 7249
3 7248 7247 7246
3 7245 7244 7243
3 7242 7241 7240
3 7239 7238 7237
3 7236 7235 7234
3 7233 7232 7231
3 7230 7229 7228
3 7227 7226 7225
3 7224 7223 7222
3 7221 7220 7219
3 7218 7217 7216
3 7215 7214 7213
3 7212 7211 7210
3 7209 7208 7207
3 7206 7205 7204
3 7203 7202 7201
3 7200 7199 7198
3 7197 7196 7195
3 7194 7193 7192
3 7191 7190 7189
3 7188 7187 7186
3 7185 7184 7183
3 7182 7181 7180
3 7179 7178 7177
3 7176 7175 7174
3 7173 7172 7171
3 7170 7169 7168
3 7167 7166 7165
3 7164 7163 7162
3 7161 7160 7159
3 7158 7157 7156
3 7155 7154 7153
3 7152 7151 7150
3 7149 7148 7147
3 7146 7145 7144
3 7143 7142 7141
3 7140 7139 7138
3 7137 7136 7135
3 7134 7133 7132
3 7131 7130 7129
3 7128 7127 7126
3 7125 7124 7123
3 7122 7121 7120
3 7119 7118 7117
3 7116 7115 7114
3 7113 7112 7111
3 7110 7109 7108
3 7107 7106 7105
3 7104 7103 7102
3 7101 7100 7099
3 7098 7097 7096
3 7095 7094 7093
3 7092 7091 7090
3 7089 7088 7087
3 7086 7085 7084
3 7083 7082 7081
3 7080 7079 7078
3 7077 7076 7075
3 7074 7073 7072
3 7071 7070 7069
3 7068 7067 7066
3 7065 7064 7063
3 7062 7061 7060
3 7059 7058 7057
3 7056 7055 7054
3 7053 7052 7051
3 7050 7049 7048
3 7047 7046 7045
3 7044 7043 7042
3 7041 7040 7039
3 7038 7037 7036
3 7035 7034 7033
3 7032 7031 7030
3 7029 7028 7027
3 7026 7025 7024
3 7023 7022 7021
3 7020 7019 7018
3 7017 7016 7015
3 7014 7013 7012
3 7011 7010 7009
3 7008 7007 7006
3 7005 7004 7003
3 7002 7001 7000
3 6999 6998 6997
3 6996 6995 6994
3 6993 6992 6991
3 6990 6989 6988
3 6987 6986 6985
3 6984 6983 6982
3 6981 6980 6979
3 6978 6977 6976
3 6975 6974 6973
3 6972 6971 6970
3 6969 6968 6967
3 6966 6965 6964
3 6963 6962 6961
3 6960 6959 6958
3 6957 6956 6955
3 6954 6953 6952
3 6951 6950 6949
3 6948 6947 6946
3 6945 6944 6943
3 6942 6941 6940
3 6939 6938 6937
3 6936 6935 6934
3 6933 6932 6931
3 6930 6929 6928
3 6927 6926 6925
3 6924 6923 6922
3 6921 6920 6919
3 6918 6917 6916
3 6915 6914 6913
3 6912 6911 6910
3 6909 6908 6907
3 6906 6905 6904
3 6903 6902 6901
3 6900 6899 6898
3 6897 6896 6895
3 6894 6893 6892
3 6891 6890 6889
3 6888 6887 6886
3 6885 6884 6883
3 6882 6881 6880
3 6879 6878 6877
3 6876 6875 6874
3 6873 6872 6871
3 6870 6869 6868
3 6867 6866 6865
3 6864 6863 6862
3 6861 6860 6859
3 6858 6857 6856
3 6855 6854 6853
3 6852 6851 6850
3 6849 6848 6847
3 6846 6845 6844
3 6843 6842 6841
3 6840 6839 6838
3 6837 6836 6835
3 6834 6833 6832
3 6831 6830 6829
3 6828 6827 6826
3 6825 6824 6823
3 6822 6821 6820
3 6819 6818 6817
3 6816 6815 6814
3 6813 6812 6811
3 6810 6809 6808
3 6807 6806 6805
3 6804 6803 6802
3 6801 6800 6799
3 6798 6797 6796
3 6795 6794 6793
3 6792 6791 6790
3 6789 6788 6787
3 6786 6785 6784
3 6783 6782 6781
3 6780 6779 6778
3 6777 6776 6775
3 6774 6773 6772
3 6771 6770 6769
3 6768 6767 6766
3 6765 6764 6763
3 6762 6761 6760
3 6759 6758 6757
3 6756 6755 6754
3 6753 6752 6751
3 6750 6749 6748
3 6747 6746 6745
3 6744 6743 6742
3 6741 6740 6739
3 6738 6737 6736
3 6735 6734 6733
3 6732 6731 6730
3 6729 6728 6727
3 6726 6725 6724
3 6723 6722 6721
3 6720 6719 6718
3 6717 6716 6715
3 6714 6713 6712
3 6711 6710 6709
3 6708 6707 6706
3 6705 6704 6703
3 6702 6701 6700
3 6699 6698 6697
3 6696 6695 6694
3 6693 6692 6691
3 6690 6689 6688
3 6687 6686 6685
3 6684 6683 6682
3 6681 6680 6679
3 6678 6677 6676
3 6675 6674 6673
3 6672 6671 6670
3 6669 6668 6667
3 6666 6665 6664
3 6663 6662 6661
3 6660 6659 6658
3 6657 6656 6655
3 6654 6653 6652
3 6651 6650 6649
3 6648 6647 6646
3 6645 6644 6643
3 6642 6641 6640
3 6639 6638 6637
3 6636 6635 6634
3 6633 6632 6631
3 6630 6629 6628
3 6627 6626 6625
3 6624 6623 6622
3 6621 6620 6619
3 6618 6617 6616
3 6615 6614 6613
3 6612 6611 6610
3 6609 6608 6607
3 6606 6605 6604
3 6603 6602 6601
3 6600 6599 6598
3 6597 6596 6595
3 6594 6593 6592
3 6591 6590 6589
3 6588 6587 6586
3 6585 6584 6583
3 6582 6581 6580
3 6579 6578 6577
3 6576 6575 6574
3 6573 6572 6571
3 6570 6569 6568
3 6567 6566 6565
3 6564 6563 6562
3 6561 6560 6559
3 6558 6557 6556
3 6555 6554 6553
3 6552 6551 6550
3 6549 6548 6547
3 6546 6545 6544
3 6543 6542 6541
3 6540 6539 6538
3 6537 6536 6535
3 6534 6533 6532
3 6531 6530 6529
3 6528 6527 6526
3 6525 6524 6523
3 6522 6521 6520
3 6519 6518 6517
3 6516 6515 6514
3 6513 6512 6511
3 6510 6509 6508
3 6507 6506 6505
3 6504 6503 6502
3 6501 6500 6499
3 6498 6497 6496
3 6495 6494 6493
3 6492 6491 6490
3 6489 6488 6487
3 6486 6485 6484
3 6483 6482 6481
3 6480 6479 6478
3 6477 6476 6475
3 6474 6473 6472
3 6471 6470 6469
3 6468 6467 6466
3 6465 6464 6463
3 6462 6461 6460
3 6459 6458 6457
3 6456 6455 6454
3 6453 6452 6451
3 6450 6449 6448
3 6447 6446 6445
3 6444 6443 6442
3 6441 6440 6439
3 6438 6437 6436
3 6435 6434 6433
3 6432 6431 6430
3 6429 6428 6427
3 6426 6425 6424
3 6423 6422 6421
3 6420 6419 6418
3 6417 6416 6415
3 6414 6413 6412
3 6411 6410 6409
3 6408 6407 6406
3 6405 6404 6403
3 6402 6401 6400
3 6399 6398 6397
3 6396 6395 6394
3 6393 6392 6391
3 6390 6389 6388
3 6387 6386 6385
3 6384 6383 6382
3 6381 6380 6379
3 6378 6377 6376
3 6375 6374 6373
3 6372 6371 6370
3 6369 6368 6367
3 6366 6365 6364
3 6363 6362 6361
3 6360 6359 6358
3 6357 6356 6355
3 6354 6353 6352
3 6351 6350 6349
3 6348 6347 6346
3 6345 6344 6343
3 6342 6341 6340
3 6339 6338 6337
3 6336 6335 6334
3 6333 6332 6331
3 6330 6329 6328
3 6327 6326 6325
3 6324 6323 6322
3 6321 6320 6319
3 6318 6317 6316
3 6315 6314 6313
3 6312 6311 6310
3 6309 6308 6307
3 6306 6305 6304
3 6303 6302 6301
3 6300 6299 6298
3 6297 6296 6295
3 6294 6293 6292
3 6291 6290 6289
3 6288 6287 6286
3 6285 6284 6283
3 6282 6281 6280
3 6279 6278 6277
3 6276 6275 6274
3 6273 6272 6271
3 6270 6269 6268
3 6267 6266 6265
3 6264 6263 6262
3 6261 6260 6259
3 6258 6257 6256
3 6255 6254 6253
3 6252 6251 6250
3 6249 6248 6247
3 6246 6245 6244
3 6243 6242 6241
3 6240 6239 6238
3 6237 6236 6235
3 6234 6233 6232
3 6231 6230 6229
3 6228 6227 6226
3 6225 6224 6223
3 6222 6221 6220
3 6219 6218 6217
3 6216 6215 6214
3 6213 6212 6211
3 6210 6209 6208
3 6207 6206 6205
3 6204 6203 6202
3 6201 6200 6199
3 6198 6197 6196
3 6195 6194 6193
3 6192 6191 6190
3 6189 6188 6187
3 6186 6185 6184
3 6183 6182 6181
3 6180 6179 6178
3 6177 6176 6175
3 6174 6173 6172
3 6171 6170 6169
3 6168 6167 6166
3 6165 6164 6163
3 6162 6161 6160
3 6159 6158 6157
3 6156 6155 6154
3 6153 6152 6151
3 6150 6149 6148
3 6147 6146 6145
3 6144 6143 6142
3 6141 6140 6139
3 6138 6137 6136
3 6135 6134 6133
3 6132 6131 6130
3 6129 6128 6127
3 6126 6125 6124
3 6123 6122 6121
3 6120 6119 6118
3 6117 6116 6115
3 6114 6113 6112
3 6111 6110 6109
3 6108 6107 6106
3 6105 6104 6103
3 6102 6101 6100
3 6099 6098 6097
3 6096 6095 6094
3 6093 6092 6091
3 6090 6089 6088
3 6087 6086 6085
3 6084 6083 6082
3 6081 6080 6079
3 6078 6077 6076
3 6075 6074 6073
3 6072 6071 6070
3 6069 6068 6067
3 6066 6065 6064
3 6063 6062 6061
3 6060 6059 6058
3 6057 6056 6055
3 6054 6053 6052
3 6051 6050 6049
3 6048 6047 6046
3 6045 6044 6043
2 6042 6041
2 6040 6039
2 6038 6037
2 6036 6035
2 6034 6033
2 6032 6031
2 6030 6029
2 6028 6027
2 6026 6025
2 6024 6023
2 6022 6021
2 6020 6019
2 6018 6017
2 6016 6015
2 6014 6013
2 6012 6011
2 6010 6009
2 6008 6007
2 6006 6005
2 6004 6003
2 6002 6001
2 6000 5999
2 5998 5997
2 5996 5995
2 5994 5993
2 5992 5991
2 5990 5989
2 5988 5987
2 5986 5985
2 5984 5983
2 5982 5981
2 5980 5979
2 5978 5977
2 5976 5975
2 5974 5973
2 5972 5971
2 5970 5969
2 5968 5967
2 5966 5965
2 5964 5963
2 5962 5961
2 5960 5959
2 5958 5957
2 5956 5955
2 5954 5953
2 5952 5951
2 5950 5949
2 5948 5947
2 5946 5945
2 5944 5943
2 5942 5941
2 5940 5939
2 5938 5937
2 5936 5935
2 5934 5933
2 5932 5931
2 5930 5929
2 5928 5927
2 5926 5925
2 5924 5923
2 5922 5921
2 5920 5919
2 5918 5917
2 5916 5915
2 5914 5913
2 5912 5911
2 5910 5909
2 5908 5907
2 5906 5905
2 5904 5903
2 5902 5901
2 5900 5899
2 5898 5897
2 5896 5895
2 5894 5893
2 5892 5891
2 5890 5889
2 5888 5887
2 5886 5885
2 5884 5883
2 5882 5881
2 5880 5879
2 5878 5877
2 5876 5875
2 5874 5873
2 5872 5871
2 5870 5869
2 5868 5867
2 5866 5865
2 5864 5863
2 5862 5861
2 5860 5859
2 5858 5857
2 5856 5855
2 5854 5853
2 5852 5851
2 5850 5849
2 5848 5847
2 5846 5845
2 5844 5843
2 5842 5841
2 5840 5839
2 5838 5837
2 5836 5835
2 5834 5833
2 5832 5831
2 5830 5829
2 5828 5827
2 5826 5825
2 5824 5823
2 5822 5821
2 5820 5819
2 5818 5817
2 5816 5815
2 5814 5813
2 5812 5811
2 5810 5809
2 5808 5807
2 5806 5805
2 5804 5803
2 5802 5801
2 5800 5799
2 5798 5797
2 5796 5795
2 5794 5793
2 5792 5791
2 5790 5789
2 5788 5787
2 5786 5785
2 5784 5783
2 5782 5781
2 5780 5779
2 5778 5777
2 5776 5775
2 5774 5773
2 5772 5771
2 5770 5769
2 5768 5767
2 5766 5765
2 5764 5763
2 5762 5761
2 5760 5759
2 5758 5757
2 5756 5755
2 5754 5753
2 5752 5751
2 5750 5749
2 5748 5747
2 5746 5745
2 5744 5743
2 5742 5741
2 5740 5739
2 5738 5737
2 5736 5735
2 5734 5733
2 5732 5731
2 5730 5729
2 5728 5727
2 5726 5725
2 5724 5723
2 5722 5721
2 5720 5719
2 5718 5717
2 5716 5715
2 5714 5713
2 5712 5711
2 5710 5709
2 5708 5707
2 5706 5705
2 5704 5703
2 5702 5701
2 5700 5699
2 5698 5697
2 5696 5695
2 5694 5693
2 5692 5691
2 5690 5689
2 5688 5687
2 5686 5685
2 5684 5683
2 5682 5681
2 5680 5679
2 5678 5677
2 5676 5675
2 5674 5673
2 5672 5671
2 5670 5669
2 5668 5667
2 5666 5665
2 5664 5663
2 5662 5661
2 5660 5659
2 5658 5657
2 5656 5655
2 5654 5653
2 5652 5651
2 5650 5649
2 5648 5647
2 5646 5645
2 5644 5643
2 5642 5641
2 5640 5639
2 5638 5637
2 5636 5635
2 5634 5633
2 5632 5631
2 5630 5629
2 5628 5627
2 5626 5625
2 5624 5623
2 5622 5621
2 5620 5619
2 5618 5617
2 5616 5615
2 5614 5613
2 5612 5611
2 5610 5609
2 5608 5607
2 5606 5605
2 5604 5603
2 5602 5601
2 5600 5599
2 5598 5597
2 5596 5595
2 5594 5593
2 5592 5591
2 5590 5589
2 5588 5587
2 5586 5585
2 5584 5583
2 5582 5581
2 5580 5579
2 5578 5577
2 5576 5575
2 5574 5573
2 5572 5571
2 5570 5569
2 5568 5567
2 5566 5565
2 5564 5563
2 5562 5561
2 5560 5559
2 5558 5557
2 5556 5555
2 5554 5553
2 5552 5551
2 5550 5549
2 5548 5547
2 5546 5545
2 5544 5543
2 5542 5541
2 5540 5539
2 5538 5537
2 5536 5535
2 5534 5533
2 5532 5531
2 5530 5529
2 5528 5527
2 5526 5525
2 5524 5523
2 5522 5521
2 5520 5519
2 5518 5517
2 5516 5515
2 5514 5513
2 5512 5511
2 5510 5509
2 5508 5507
2 5506 5505
2 5504 5503
2 5502 5501
2 5500 5499
2 5498 5497
2 5496 5495
2 5494 5493
2 5492 5491
2 5490 5489
2 5488 5487
2 5486 5485
2 5484 5483
2 5482 5481
2 5480 5479
2 5478 5477
2 5476 5475
2 5474 5473
2 5472 5471
2 5470 5469
2 5468 5467
2 5466 5465
2 5464 5463
2 5462 5461
2 5460 5459
2 5458 5457
2 5456 5455
2 5454 5453
2 5452 5451
2 5450 5449
2 5448 5447
2 5446 5445
2 5444 5443
2 5442 5441
2 5440 5439
2 5438 5437
2 5436 5435
2 5434 5433
2 5432 5431
2 5430 5429
2 5428 5427
2 5426 5425
2 5424 5423
2 5422 5421
2 5420 5419
2 5418 5417
2 5416 5415
2 5414 5413
2 5412 5411
2 5410 5409
2 5408 5407
2 5406 5405
2 5404 5403
2 5402 5401
2 5400 5399
2 5398 5397
2 5396 5395
2 5394 5393
2 5392 5391
2 5390 5389
2 5388 5387
2 5386 5385
2 5384 5383
2 5382 5381
2 5380 5379
2 5378 5377
2 5376 5375
2 5374 5373
2 5372 5371
2 5370 5369
2 5368 5367
2 5366 5365
2 5364 5363
2 5362 5361
2 5360 5359
2 5358 5357
2 5356 5355
2 5354 5353
2 5352 5351
2 5350 5349
2 5348 5347
2 5346 5345
2 5344 5343
2 5342 5341
2 5340 5339
2 5338 5337
2 5336 5335
2 5334 5333
2 5332 5331
2 5330 5329
2 5328 5327
2 5326 5325
2 5324 5323
2 5322 5321
2 5320 5319
2 5318 5317
2 5316 5315
2 5314 5313
2 5312 5311
2 5310 5309
2 5308 5307
2 5306 5305
2 5304 5303
2 5302 5301
2 5300 5299
2 5298 5297
2 5296 5295
2 5294 5293
2 5292 5291
2 5290 5289
2 5288 5287
2 5286 5285
2 5284 5283
2 5282 5281
2 5280 5279
2 5278 5277
2 5276 5275
2 5274 5273
2 5272 5271
2 5270 5269
2 5268 5267
2 5266 5265
2 5264 5263
2 5262 5261
2 5260 5259
2 5258 5257
2 5256 5255
2 5254 5253
2 5252 5251
2 5250 5249
2 5248 5247
2 5246 5245
2 5244 5243
2 5242 5241
2 5240 5239
2 5238 5237
2 5236 5235
2 5234 5233
2 5232 5231
2 5230 5229
2 5228 5227
2 5226 5225
2 5224 5223
2 5222 5221
2 5220 5219
2 5218 5217
2 5216 5215
2 5214 5213
2 5212 5211
2 5210 5209
2 5208 5207
2 5206 5205
2 5204 5203
2 5202 5201
2 5200 5199
2 5198 5197
2 5196 5195
2 5194 5193
2 5192 5191
2 5190 5189
2 5188 5187
2 5186 5185
2 5184 5183
2 5182 5181
2 5180 5179
2 5178 5177
2 5176 5175
2 5174 5173
2 5172 5171
2 5170 5169
2 5168 5167
2 5166 5165
2 5164 5163
2 5162 5161
2 5160 5159
2 5158 5157
2 5156 5155
2 5154 5153
2 5152 5151
2 5150 5149
2 5148 5147
2 5146 5145
2 5144 5143
2 5142 5141
2 5140 5139
2 5138 5137
2 5136 5135
2 5134 5133
2 5132 5131
2 5130 5129
2 5128 5127
2 5126 5125
2 5124 5123
2 5122 5121
2 5120 5119
2 5118 5117
2 5116 5115
2 5114 5113
2 5112 5111
2 5110 5109
2 5108 5107
2 5106 5105
2 5104 5103
2 5102 5101
2 5100 5099
2 5098 5097
2 5096 5095
2 5094 5093
2 5092 5091
2 5090 5089
2 5088 5087
2 5086 5085
2 5084 5083
2 5082 5081
2 5080 5079
2 5078 5077
2 5076 5075
2 5074 5073
2 5072 5071
2 5070 5069
2 5068 5067
2 5066 5065
2 5064 5063
2 5062 5061
2 5060 5059
2 5058 5057
2 5056 5055
2 5054 5053
2 5052 5051
2 5050 5049
2 5048 5047
2 5046 5045
2 5044 5043
2 5042 5041
2 5040 5039
2 5038 5037
2 5036 5035
