160
4 499 498 497 496
4 495 494 493 492
4 491 490 489 488
4 487 486 485 484
4 483 482 481 480
4 479 478 477 476
4 475 474 473 472
4 471 470 469 468
4 467 466 465 464
4 463 462 461 460
4 459 458 457 456
4 455 454 453 452
4 451 450 449 448
4 447 446 445 444
4 443 442 441 440
4 439 438 437 436
4 435 434 433 432
4 431 430 429 428
4 427 426 425 424
4 423 422 421 420
4 419 418 417 416
4 415 414 413 412
4 411 410 409 408
4 407 406 405 404
4 403 402 401 400
4 399 398 397 396
4 395 394 393 392
4 391 390 389 388
4 387 386 385 384
4 383 382 381 380
4 379 378 377 376
4 375 374 373 372
4 371 370 369 368
4 367 366 365 364
4 363 362 361 360
4 359 358 357 356
4 355 354 353 352
4 351 350 349 348
4 347 346 345 344
4 343 342 341 340
4 339 338 337 336
4 335 334 333 332
4 331 330 329 328
4 327 326 325 324
4 323 322 321 320
4 319 318 317 316
4 315 314 313 312
4 311 310 309 308
4 307 306 305 304
4 303 302 301 300
4 299 298 297 296
4 295 294 293 292
4 291 290 289 288
4 287 286 285 284
4 283 282 281 280
4 279 278 277 276
4 275 274 273 272
4 271 270 269 268
4 267 266 265 264
4 263 262 261 260
3 259 258 257
3 256 255 254
3 253 252 251
3 250 249 248
3 247 246 245
3 244 243 242
3 241 240 239
3 238 237 236
3 235 234 233
3 232 231 230
3 229 228 227
3 226 225 224
3 223 222 221
3 220 219 218
3 217 216 215
3 214 213 212
3 211 210 209
3 208 207 206
3 205 204 203
3 202 201 200
3 199 198 197
3 196 195 194
3 193 192 191
3 190 189 188
3 187 186 185
3 184 183 182
3 181 180 179
3 178 177 176
3 175 174 173
3 172 171 170
3 169 168 167
3 166 165 164
3 163 162 161
3 160 159 158
3 157 156 155
3 154 153 152
3 151 150 149
3 148 147 146
3 145 144 143
3 142 141 140
3 139 138 137
3 136 135 134
3 133 132 131
3 130 129 128
3 127 126 125
3 124 123 122
3 121 120 119
3 118 117 116
3 115 114 113
3 112 111 110
3 109 108 107
3 106 105 104
3 103 102 101
3 100 99 98
3 97 96 95
3 94 93 92
3 91 90 89
3 88 87 86
3 85 84 83
3 82 81 80
2 79 78
2 77 76
2 75 74
2 73 72
2 71 70
2 69 68
2 67 66
2 65 64
2 63 62
2 61 60
2 59 58
2 57 56
2 55 54
2 53 52
2 51 50
2 49 48
2 47 46
2 45 44
2 43 42
2 41 40
2 39 38
2 37 36
2 35 34
2 33 32
2 31 30
2 29 28
2 27 26
2 25 24
2 23 22
2 21 20
2 19 18
2 17 16
2 15 14
2 13 12
2 11 10
2 9 8
2 7 6
2 5 4
2 3 2
2 1 0
