125
4 499 498 497 496
4 495 494 493 492
4 491 490 489 488
4 487 486 485 484
4 483 482 481 480
4 479 478 477 476
4 475 474 473 472
4 471 470 469 468
4 467 466 465 464
4 463 462 461 460
4 459 458 457 456
4 455 454 453 452
4 451 450 449 448
4 447 446 445 444
4 443 442 441 440
4 439 438 437 436
4 435 434 433 432
4 431 430 429 428
4 427 426 425 424
4 423 422 421 420
4 419 418 417 416
4 415 414 413 412
4 411 410 409 408
4 407 406 405 404
4 403 402 401 400
4 399 398 397 396
4 395 394 393 392
4 391 390 389 388
4 387 386 385 384
4 383 382 381 380
4 379 378 377 376
4 375 374 373 372
4 371 370 369 368
4 367 366 365 364
4 363 362 361 360
4 359 358 357 356
4 355 354 353 352
4 351 350 349 348
4 347 346 345 344
4 343 342 341 340
4 339 338 337 336
4 335 334 333 332
4 331 330 329 328
4 327 326 325 324
4 323 322 321 320
4 319 318 317 316
4 315 314 313 312
4 311 310 309 308
4 307 306 305 304
4 303 302 301 300
4 299 298 297 296
4 295 294 293 292
4 291 290 289 288
4 287 286 285 284
4 283 282 281 280
4 279 278 277 276
4 275 274 273 272
4 271 270 269 268
4 267 266 265 264
4 263 262 261 260
4 259 258 257 256
4 255 254 253 252
4 251 250 249 248
4 247 246 245 244
4 243 242 241 240
4 239 238 237 236
4 235 234 233 232
4 231 230 229 228
4 227 226 225 224
4 223 222 221 220
4 219 218 217 216
4 215 214 213 212
4 211 210 209 208
4 207 206 205 204
4 203 202 201 200
4 199 198 197 196
4 195 194 193 192
4 191 190 189 188
4 187 186 185 184
4 183 182 181 180
4 179 178 177 176
4 175 174 173 172
4 171 170 169 168
4 167 166 165 164
4 163 162 161 160
4 159 158 157 156
4 155 154 153 152
4 151 150 149 148
4 147 146 145 144
4 143 142 141 140
4 139 138 137 136
4 135 134 133 132
4 131 130 129 128
4 127 126 125 124
4 123 122 121 120
4 119 118 117 116
4 115 114 113 112
4 111 110 109 108
4 107 106 105 104
4 103 102 101 100
4 99 98 97 96
4 95 94 93 92
4 91 90 89 88
4 87 86 85 84
4 83 82 81 80
4 79 78 77 76
4 75 74 73 72
4 71 70 69 68
4 67 66 65 64
4 63 62 61 60
4 59 58 57 56
4 55 54 53 52
4 51 50 49 48
4 47 46 45 44
4 43 42 41 40
4 39 38 37 36
4 35 34 33 32
4 31 30 29 28
4 27 26 25 24
4 23 22 21 20
4 19 18 17 16
4 15 14 13 12
4 11 10 9 8
4 7 6 5 4
4 3 2 1 0
